200
3.5
17.9303412865
19.9048214603
17.7659319124
18.0672738556
19.3426788725
17.7465335553
19.7299090343
17.8852762753
19.2743578012
19.8277707704
18.7457577838
19.1630645967
19.0510859848
18.4368310843
19.7198838408
17.5865714061
18.9083608177
19.0111844894
18.7155920544
17.721342955
18.3545149192
19.5024947529
17.8691782471
18.4939586889
18.8265111875
17.5593758888
17.5279150202
17.6210602955
17.4357144721
18.9594237138
19.9168105711
19.7300167295
17.8562311032
18.6253438957
17.4278055387
19.7227260355
18.5799014302
18.0065097326
18.841254715
19.3811688262
18.8368505602
17.4250709167
18.8460713267
19.2381895814
17.5585132224
18.3363693627
18.6529615255
18.5610486798
18.4772521614
17.5228658709
18.4909696388
18.9835584652
18.4864850681
19.7332144347
17.7632888714
19.9451511159
17.7457044279
17.9447728139
18.121410845
18.1373889432
19.6934891333
19.3281582403
19.1230789497
18.2693149735
17.6820914989
19.8177565646
17.735046274
18.6971001435
18.2506838816
17.6195836207
19.0995167354
17.6519300133
17.7450846483
17.8590654785
18.8198010855
18.5137462622
18.3994936277
19.2072882307
19.7161703013
17.8687787132
19.5462235996
19.6428986516
18.0361071122
19.5933556205
19.5178974017
19.0353981163
18.874735289
17.9215116687
17.6439061556
19.0525395515
19.211379784
17.601066738
18.340396445
18.6277094836
17.3652031054
18.3674151215
19.0275713952
17.7689767655
17.6099310562
19.6105255025
19.7221229376
18.3192503651
19.0035443579
17.5601499259
18.0682277047
19.4966013055
18.8158365877
17.3879953742
18.3766914051
17.5212041362
19.1860653971
19.211769505
19.7215761041
17.4748748225
18.2423559115
17.9752050343
19.9167116493
18.9251543821
17.9276163102
18.0477751668
19.1834800784
17.993675452
18.9105342563
19.8632937837
17.6656064112
19.1703302629
19.0189837964
18.5182889012
19.8644624267
18.1057499205
19.355447054
19.7125844172
19.6160950123
19.2279464151
17.9610107973
18.3538010709
18.7531747131
17.5502202683
18.4281272696
18.8969549582
19.0796045557
19.8896741184
17.6063787297
19.2358158477
19.1104903209
17.5432573295
18.5801083055
19.5233046742
17.9294769179
18.4875363289
17.5112493859
17.7361685456
17.4652538261
17.6137715369
18.9365016902
17.8260070308
19.6368122891
18.6852560032
19.1063329928
19.7961818025
19.281990793
17.8195001818
18.5035282414
17.6195796539
18.1570657307
17.4763033067
18.8259940168
19.5424610287
19.3341292354
19.2418044044
18.4850166744
19.3582326899
18.0011303149
17.6632265524
18.9768195772
17.4055523507
17.4174362013
17.6732774645
19.3046525102
19.1415063469
19.8841388218
17.7502384778
18.6085563471
18.7760429036
19.7984712099
18.2017960557
18.5165511206
19.56328288
19.7428798382
19.1193869601
18.6981701519
19.5015435143
17.6582752532
18.9049909887
18.3856660187
19.633475891
18.3580489443
17.8285289361
17.5810976952
18.8433891719
