5000 10302 235
218 1216
3233 3248
1485 4127
601 1437
1294 2546
275 294
2508 1665
4802 3630
279 4732
4529 1788
1389 3637
4515 2922
19 2291
3003 4242
658 2475
1214 3608
3610 2971
203 1052
718 2686
2466 2874
3658 496
3459 3681
1882 148
1610 1413
1714 4581
2583 465
4142 3345
2968 1212
1861 3192
3647 3835
3562 2935
1380 2749
1700 4024
1388 2829
496 3953
4415 4465
4815 790
1574 2709
1796 4855
4956 1719
483 2774
4563 2058
2125 812
929 2492
1883 2571
4316 809
3401 4588
339 373
3786 4028
341 64
291 3712
4289 1327
3320 1194
2322 4884
2631 383
4310 618
1998 4287
2399 3145
3924 2690
3071 3632
1926 1414
4912 4612
1229 3920
3586 2432
4846 4969
3038 2546
412 2029
4571 2132
2069 4518
3514 622
64 3970
2831 1713
2150 2559
1061 56
1018 3619
3643 844
2669 3240
1732 4471
4330 3169
2174 123
1271 4032
1601 1012
1830 4683
975 3840
1633 3676
1049 1101
2780 4437
2262 2635
2177 3780
3956 2272
1507 2093
4142 125
3896 1917
4632 3253
610 926
1282 2149
2406 1638
2812 2594
1502 1733
1617 4426
4310 4981
828 1351
1888 4002
1065 1111
2938 1519
2943 3806
3238 1583
1931 3374
1378 2187
2033 1868
2946 3496
267 2484
3942 2523
2384 2929
31 1003
2952 895
1118 2143
4881 1814
1317 1613
3038 4502
3174 2284
2590 1748
4207 1251
4401 2541
1145 720
1378 4252
919 3748
356 2737
1273 4484
2688 3018
71 2382
1321 4684
3010 3587
4196 1427
4196 646
4500 399
454 82
3272 2506
566 3360
3933 1187
4429 2743
3891 3104
686 1934
2208 2123
3933 1774
1665 668
3451 4031
2987 4845
305 4268
4831 3273
4687 2404
1341 2569
4277 1575
314 2520
2754 3131
402 3484
3683 1829
4557 4764
622 1707
2937 3658
1934 462
958 3585
229 126
4196 4368
156 3120
2141 1984
3790 4624
100 4038
4107 4044
1653 1454
1281 3960
561 4679
175 2518
236 4960
783 2055
2265 4270
4042 1211
1640 3825
3046 2332
276 3598
2230 1078
1436 225
4064 2420
4891 1173
861 4263
2713 2085
1542 4829
1786 2875
1829 4599
1229 2091
2930 1601
311 3852
1773 4892
1929 242
4482 1259
1442 581
4432 1151
4743 4680
1196 3954
4604 2149
3476 3245
988 3528
3899 4371
3818 3369
1404 2696
3678 1137
2824 2362
1222 1932
2724 146
128 3945
63 3463
2633 68
4182 4742
2813 3849
555 1627
1738 2299
1185 4546
3408 1568
2188 3699
1245 466
3255 2767
2482 1662
3615 2205
4243 3677
747 3046
2081 2435
1777 2064
4229 4039
1305 490
4600 1618
1436 4143
359 427
396 1343
2174 3427
2261 3225
1859 2876
2082 4808
1384 553
3700 359
2752 4594
3909 2599
4157 673
99 386
868 4777
4121 4624
4591 899
1655 2168
863 1840
935 3651
397 2988
1231 4451
1897 1209
3512 357
3215 3373
2068 3465
2483 1264
1926 2140
3762 221
1172 115
3706 2973
4661 514
812 2530
912 3482
3206 245
3921 257
1798 4552
4154 3274
3871 1848
3087 4990
2384 2285
2036 1593
19 2378
679 1189
4543 3818
2844 1428
2222 846
2486 3296
217 812
3225 4226
720 1010
2152 1963
4497 3087
4671 3050
3680 3487
1277 4704
4097 4845
4881 3748
3611 2605
1809 4885
3178 2427
2753 3127
2419 136
4959 3039
2351 2730
1323 247
177 4685
2933 753
2863 1937
1010 3873
3730 1111
733 1698
1771 3324
2973 1176
3402 1656
1216 3351
1472 4967
1275 1483
4110 1173
1198 789
2178 1366
2943 3582
3217 3292
1901 2792
226 3182
4661 3807
461 4097
3382 3556
3566 4824
2815 4929
1028 4722
2898 225
384 978
2487 1372
1070 4916
1441 866
3164 4977
2356 3957
53 735
4330 3898
448 4689
4372 418
3582 4664
2901 4
2960 4863
3467 2075
4432 1086
1023 940
4461 4385
1431 3154
2555 3485
73 4428
2730 2945
1154 4314
1379 4661
1388 4697
4739 3050
2473 3862
4185 4077
1747 1731
739 4004
1214 3578
4040 4442
3390 3608
3574 4954
2690 4943
62 4956
1835 1887
1803 3711
2309 23
4964 1174
3763 2414
4291 1101
4256 3090
4541 4832
2892 2609
3202 1026
4602 1761
4711 2541
712 3462
1683 50
4201 2744
579 2409
4243 659
3878 4664
1147 1296
4064 1303
2243 19
4459 1382
571 4353
4728 1913
1722 1913
830 1010
3485 3795
1813 126
1756 1027
2285 4557
422 4573
1384 2104
4501 1350
934 2431
4280 362
1183 2534
1631 2184
4833 238
1795 4398
567 4852
2443 1968
4299 4451
2978 3039
2720 4241
2052 4451
929 240
1613 798
3064 1501
3399 763
1829 2555
4557 3578
2348 1498
2646 2261
4593 4403
4191 784
4248 440
3307 3152
256 4342
342 1096
1002 751
1502 2815
3900 1
1841 380
4147 2903
4257 3267
4026 3054
680 661
811 4831
4748 3524
3895 2617
2045 3657
1186 127
1109 4900
4507 3482
1587 3042
4261 4864
4126 3234
1858 1362
1098 4862
1640 553
2665 4372
708 1122
437 1660
1157 1303
3878 62
2554 2501
2833 3639
938 3946
4239 2178
4316 207
4490 4308
2363 2918
1046 2136
590 1458
4938 2678
4748 1644
3713 1773
1935 1157
260 4696
4108 3949
3785 2758
1557 4212
2595 1037
962 1758
2244 3295
3184 1808
2226 1731
3077 156
812 2213
730 4216
3258 2410
4050 3409
3690 4597
2161 2612
2185 2754
1877 4312
1150 1742
1930 4571
4185 1236
2758 3909
4872 2381
135 3986
2000 4786
2040 87
49 4636
1536 4874
2255 2495
2465 3038
3556 1502
803 2875
347 3177
1829 2801
1589 698
214 3421
767 3164
1034 4878
4426 2328
4668 3829
3698 2163
3268 3413
4813 719
2367 1392
998 3408
440 1257
4720 574
4563 88
4325 2703
4739 2271
3052 4415
3389 1960
1098 3734
4250 1287
2251 2913
3227 1874
70 2716
1294 319
4207 2192
3526 4503
1874 3733
3383 3212
4499 117
2270 400
1574 4803
1130 1368
617 1729
1411 833
333 1470
3956 717
4170 1322
3911 1773
1671 2655
885 3529
1670 3030
809 3190
831 2733
4082 3002
1406 4269
1507 2098
1444 4133
1601 2425
1532 1445
851 2380
4413 1067
2889 3359
2132 2632
442 2664
478 122
555 2080
328 4497
3147 1706
2628 2664
4561 2605
2910 1439
1593 2643
3284 4288
4062 4066
641 1914
3053 1947
2191 2075
4317 1113
4755 2343
1380 1263
4334 964
4151 4784
1848 1561
2261 4959
2582 4028
177 294
1911 663
2305 4832
921 51
4186 4766
4701 4635
3145 4202
3668 4166
4278 3036
534 2586
4833 1464
604 2343
4800 822
1245 509
4507 4789
3220 4009
620 555
3214 2369
1723 4239
1783 3539
2607 2549
714 3197
306 4931
2888 4751
1936 4721
3373 3342
1467 465
1410 192
1344 4251
3038 152
291 4960
1554 984
1570 4692
3238 556
3416 3182
4783 4118
2249 1533
1585 786
1924 1232
4903 74
1786 2680
3447 4492
2857 3587
334 2113
2783 4625
2036 1604
1903 3491
1495 3853
2943 725
3891 1372
4410 4577
3507 3022
2965 154
2600 4391
1 4797
2829 2349
42 1115
282 1784
3207 1261
400 4851
3266 4340
246 825
533 1811
3084 3384
3575 4518
893 3876
535 2893
3061 4194
3483 3318
1893 1542
4539 3938
2432 486
2915 2161
847 3598
3153 1532
2283 4611
2644 2993
1789 1181
4865 2730
3737 1186
1312 913
1068 530
2026 488
4896 2423
3136 1303
4813 2709
1760 1840
3113 1293
3496 4283
2739 3045
154 3886
1390 4934
2707 4797
3022 2613
1615 572
2672 885
3782 1134
1641 3187
203 3771
3409 34
4120 1457
2049 4187
1443 3831
4740 1034
4746 1621
2419 23
1328 1972
309 291
1237 196
1775 1207
1848 2487
793 1085
1467 3367
2215 2161
3152 2382
3131 1811
4710 1347
4508 2277
3338 860
3863 4556
3421 3497
651 3733
1064 2982
3105 3964
647 1718
4134 4507
3740 2615
4982 433
197 1001
2143 836
2320 305
4858 3240
1843 4340
4982 318
4185 1728
3924 4684
1268 1792
486 3413
4297 4635
1000 2074
4232 3499
2930 4483
3044 3120
3902 177
195 2852
2022 4941
2677 4278
1922 3966
3354 4917
3385 572
916 2379
2555 4068
1965 4160
1886 1714
1562 1486
3266 1678
2105 24
3531 2156
1287 1572
1777 2716
3990 1134
56 1900
3815 2024
2354 3493
4598 3336
1693 340
1922 4353
4245 4861
3955 4627
1288 2506
1400 2440
763 4512
434 2238
3214 3171
556 4279
4803 3267
3977 1941
4946 4507
2171 4866
479 2370
4995 822
229 2333
1900 2679
4272 1614
504 711
1409 3421
3363 1606
946 1065
4145 686
3629 758
1451 2914
837 1151
4300 3359
1060 3627
3552 2631
3760 1984
1191 444
235 203
513 4964
4412 55
4328 4622
4140 4507
3940 2277
733 1502
2296 2965
1598 1379
4115 3046
2520 4852
2884 29
4858 3038
2432 931
1228 2549
3186 1105
1526 1745
3129 4424
4891 4738
3057 2254
2481 4157
3109 3197
3651 524
442 1603
2031 1763
1194 50
2519 4947
1362 3440
1006 4020
2212 4333
1798 1689
2042 2033
502 531
1798 4350
1153 97
4383 1184
4333 1328
978 3207
4750 443
869 4960
2711 2785
1682 4411
2250 889
3096 2910
2721 477
648 4935
2850 4450
2120 4037
3925 535
3593 96
2777 2403
1642 2680
3426 146
2778 4709
1470 2117
3459 1600
4172 3432
2008 1823
2387 2577
4881 1972
1490 4820
2679 15
3964 2794
1204 3710
862 3542
4595 165
1541 618
4017 4350
2796 1459
4143 1219
1950 1256
1878 2921
1207 317
2991 1870
1748 2637
2927 1211
734 780
1082 2426
2352 4677
1079 1456
2086 88
1606 1693
1435 1394
3545 3554
2991 4975
2941 4332
356 2751
1511 4705
2856 3209
3007 3652
3609 338
4169 3098
2776 615
1917 1754
1925 4253
194 4262
3790 4202
2474 3453
1185 2496
44 861
4529 4171
2741 4935
4863 4557
2793 3053
276 1241
3508 3641
4587 2492
4564 3185
874 3944
4855 3458
3140 4949
4802 4972
2220 3477
4152 2073
1245 1259
169 4604
1490 3116
2292 1641
75 3885
4659 365
4820 3749
797 1629
2821 4757
2622 2559
707 3006
3971 1607
532 4820
2455 1651
572 186
1639 3842
981 4365
3969 2200
2102 686
1118 2269
1985 4501
1057 4250
2288 2821
3913 1230
4468 3262
2925 2650
417 2204
4892 2407
2052 3891
3116 4315
3083 2150
1566 3853
1837 2013
975 581
1740 4467
362 2000
1777 4198
2743 272
2587 3431
3881 4314
3163 1518
5 4380
3079 3265
3679 901
3828 2281
3940 3678
991 1211
2151 4284
4379 1617
3027 4272
1357 2101
3381 1081
3505 4708
4366 4893
2910 4247
144 3445
531 3930
4682 628
22 2451
481 672
1589 1297
2485 2700
1126 3745
812 2616
975 592
1673 3819
3195 632
2257 3088
1997 831
1650 1391
196 3144
3383 2589
4577 2372
3684 462
376 998
4592 1336
3145 1814
2542 318
527 3192
4297 1028
1285 2481
242 1223
1218 1466
947 30
1144 1277
4531 982
377 3217
3288 3849
3069 3123
3621 4894
138 3743
4454 1160
4709 282
3496 1094
34 4936
90 3948
4433 2404
143 2395
1254 3574
1457 3946
1275 3310
3147 2997
1656 659
1534 2512
2359 3061
128 208
679 2697
1486 2253
141 25
1481 1818
724 1415
4937 3170
4248 3809
3565 2015
2674 1800
4133 816
4968 2745
1847 4554
2213 4040
1419 2910
2065 4460
3914 1228
2542 4704
3434 4188
1279 2979
1224 2007
507 3308
3050 3229
4856 1543
600 2374
4246 745
697 4988
4415 1864
1529 4802
3110 4826
1438 4414
4621 2261
1813 968
4752 2006
2794 3146
2464 1537
714 4314
279 2642
1108 4627
2396 737
1338 3147
2684 582
116 961
887 2631
2082 2644
2998 3236
4410 4256
2646 4864
2371 1127
55 1094
4481 1780
2054 2660
1134 1942
2419 4131
4196 578
1016 3538
2948 4393
2275 1779
18 2337
1524 1885
2370 2789
818 467
4 934
1823 3046
1042 2525
382 1339
4962 826
76 3322
3239 314
2943 2172
1750 105
3007 1012
2386 3575
4368 260
1804 3806
2139 532
1526 1775
3201 1848
4391 3590
4953 457
4841 245
433 3739
3445 1807
4644 2490
1551 1365
4151 1573
3138 1954
321 863
2542 2532
2047 362
771 4242
4856 3559
4941 2250
2769 3756
4706 3378
3088 2240
3953 1206
1332 2253
567 4951
275 4685
3943 2066
4610 1786
4800 3784
1783 1888
1248 2362
572 56
4445 3801
1327 2843
791 545
882 2358
3914 341
3323 655
2579 4533
4194 3397
648 3228
3620 1606
1253 216
316 2374
1205 4048
2832 4834
4811 1935
181 3507
1986 1767
4291 1014
4553 978
3470 3225
3184 255
2516 2035
4473 1591
3754 827
4681 1475
922 953
1994 3443
3176 1124
3397 4816
1900 2135
4365 4129
4418 100
2427 1224
4505 1130
3056 1831
660 819
4516 3377
3189 3741
1274 1771
4246 3823
3426 1376
368 3377
1633 4916
1337 2506
2839 322
3626 4862
3231 1190
4169 462
4307 1989
1141 862
106 4054
2175 733
3582 2256
387 251
44 2775
590 1951
3383 3536
304 4350
1512 503
1537 123
3761 3778
644 4730
796 3696
4121 4634
3202 2241
2921 64
4358 4727
2824 2002
2174 2187
4117 1085
1018 144
3172 1092
3654 3357
69 482
3440 564
72 3660
180 4954
3452 1260
2257 1045
845 2981
3864 1022
2036 2086
3487 3925
101 4625
210 3450
1746 800
3993 1243
3453 2208
4183 3168
3215 3025
4732 4521
1252 1437
4319 4435
3609 2965
1079 1577
1114 1077
4499 3955
1219 2484
1086 4820
2307 1924
1482 2423
4809 2891
4115 2122
2840 2831
4669 981
4706 4385
3196 234
1083 1792
1081 271
4566 4424
4048 591
2358 1674
3189 1110
3365 2402
3670 3786
2475 3045
2997 1592
2707 4562
3864 2449
2524 257
3999 2350
1659 3917
2666 4299
4965 4239
2724 4085
3839 1072
3273 2914
2787 920
1996 440
1982 4087
4631 3372
4131 3508
3128 4431
3351 747
3916 877
3710 253
732 2813
860 4008
3964 1516
2040 2672
1938 3331
4091 4199
1572 2046
4194 508
2805 827
1073 411
1269 3768
2869 1335
4152 1864
4912 3023
86 1573
4418 1477
3504 717
3943 4702
4175 2178
2885 3465
1217 3446
1288 2277
3684 1765
4410 2579
3370 265
4616 4214
4186 578
1310 1959
3508 4525
4384 1613
4796 1691
3250 4415
3245 3140
3259 3692
4980 106
1737 354
195 2058
1164 770
4524 3479
1102 65
3471 75
2871 515
2291 3559
1176 3766
2942 2767
408 3819
449 4480
667 4370
562 4822
2091 3805
2783 3408
3790 2492
968 4924
3658 1096
2297 3465
1317 604
279 4782
1856 3020
2958 1739
3734 3311
242 3891
4850 2493
4508 3033
3106 2264
1378 2225
4673 751
3052 976
2330 2084
1850 4246
2305 2089
3395 86
264 84
4587 1553
3291 1950
3437 4245
1977 1253
3588 3886
2377 4625
3490 441
2108 4064
1980 3603
2773 4648
1338 3801
1959 706
4895 2550
4989 653
4457 615
1029 527
1291 489
655 3045
2916 40
2415 4226
700 2692
4803 2266
2276 1282
3940 219
458 668
2101 1542
1838 2033
1154 4703
984 2277
1308 2523
3530 3592
177 1941
4615 3931
2033 255
2642 1733
3491 753
2888 417
2011 4479
3787 4278
760 3279
4311 2540
3145 1265
208 2749
3827 1175
3038 319
618 1174
3757 2057
4261 4157
2224 3276
4094 2785
4549 1323
3128 3180
1075 4378
311 1392
4057 2770
3649 1708
319 4713
4371 4104
3442 2123
3792 3671
3388 1564
4431 340
1161 4108
4971 4432
1727 2351
154 3183
1798 3673
1465 2094
1431 3203
735 1234
3237 746
1438 2371
1943 3841
1389 4199
4869 462
1623 616
4800 1427
590 1555
2382 1753
4338 3609
177 3941
192 29
714 18
3770 1378
4777 1255
382 511
1413 70
676 4802
3313 2733
1491 1900
4433 3464
1566 696
4662 1426
264 3138
1840 4308
4409 289
4372 4533
3505 3250
4030 4397
1195 839
4474 2317
398 4106
3548 2800
3182 3685
1905 72
3571 2177
1125 3018
244 1993
1858 4617
1917 4058
3862 3812
1522 3671
3409 2800
1051 695
3597 1534
4001 3651
1676 1132
1597 510
222 800
1130 4864
2388 16
3422 4518
3036 2195
801 4608
1990 2283
4481 721
4735 4331
2401 2981
3058 3339
3337 2807
107 1212
4041 3620
3288 1425
4354 4254
3836 2493
577 1966
2038 4670
2104 3058
4412 4613
4294 480
1363 1686
2949 777
3796 4613
3076 1503
973 490
3911 3630
1587 2252
4396 3269
1163 3176
1590 977
3434 3331
259 2209
853 4241
2743 3540
2537 1522
2109 3921
2742 3563
3087 736
2949 2103
4854 1636
493 4816
4158 2494
2058 4506
4034 321
1173 1446
2515 1509
4074 1178
4828 1029
2367 933
1570 4504
1696 2167
1345 148
3252 4371
3145 629
541 4488
1368 1210
1531 1134
4431 3044
820 3641
3192 2303
4803 705
4600 4863
2108 3964
3992 10
1319 1405
1254 1477
1837 3284
3711 1599
4520 3614
3123 4672
2231 2648
3360 1345
2283 1661
2253 2830
2466 288
757 3070
3690 1693
4475 308
720 2619
2321 4465
2568 553
219 3640
4017 1689
4416 272
4961 3257
1702 4433
4513 1536
671 2270
2171 2494
3540 2562
928 4723
4843 306
2346 493
4172 665
2278 1375
333 2016
1614 1750
3981 1690
3028 692
4040 1831
269 718
760 4806
4842 4577
2663 3230
517 3947
12 838
2157 2852
1588 724
3495 94
1669 4177
4607 1240
4639 4998
498 1185
4501 4732
3763 667
401 408
3419 1360
2993 1919
977 2574
3504 4744
38 3300
4422 4682
456 872
4718 1094
3974 4662
3352 3343
673 3877
2123 4953
3079 3540
3446 2631
611 3284
4420 2074
4961 1687
1914 2904
4562 670
3776 1318
2473 3071
1494 3736
2987 4253
609 925
1291 4591
4207 3579
56 2178
3824 3496
1104 377
1530 3454
2165 4099
3134 3822
4003 568
2251 4981
4518 3271
1389 1807
1562 1788
74 4590
1508 2350
431 4878
3534 2996
316 1711
4190 2659
3790 3858
4716 176
1216 653
4140 1109
0 3151
2579 4061
2834 3291
712 3453
4597 4760
2839 1180
1002 1241
4598 4298
2915 119
326 4195
1058 1801
148 68
3431 2416
1145 3445
876 1308
1488 1668
1154 1606
4196 3784
2249 1328
2048 1515
2932 2444
3809 4023
3063 3565
3071 880
2374 4366
3889 4088
1266 3768
1638 139
737 3676
420 4234
107 2421
1635 2893
4468 2291
1882 2066
4897 3961
3694 4116
577 1161
101 767
1827 1571
139 164
346 59
663 4815
816 4444
3934 1096
238 1618
4026 1875
2382 3365
2054 1598
3754 343
1291 2708
3416 146
1114 4061
2173 3190
1390 1996
4666 1973
4810 272
4497 3679
4638 3464
3052 3678
386 3922
2792 597
437 4960
3029 2924
4432 2943
71 4258
4662 4866
2347 17
4432 4536
1388 2306
39 569
1119 1254
2348 3365
1647 1486
2224 1067
1079 2142
1470 1294
2266 255
3660 2596
3989 3480
2386 3852
2260 9
2122 73
2858 497
2926 1385
4693 2932
937 3948
1563 1854
4544 301
1687 3449
3941 4415
4848 1322
4108 213
99 4050
1205 4928
4241 3929
1854 4672
3549 3467
763 445
897 499
1569 3169
533 4172
4690 2804
1934 4370
3374 797
756 4194
37 4774
2580 3422
1718 2033
2111 2888
1424 2388
1555 650
4747 3457
4065 2468
1039 13
2791 2480
338 1100
1348 4109
2835 3970
1887 81
4700 3610
3310 2119
4570 4159
2634 509
1446 1406
1397 404
641 2592
1397 1161
2845 4455
1171 1794
16 4839
1968 4133
733 4319
4864 4664
379 1324
3884 2454
3272 3033
1766 3200
207 1585
671 524
4828 730
3857 1176
3615 3679
1321 415
4983 3409
2767 2493
110 212
3770 1198
3293 4783
2473 3579
2894 1493
2418 2526
640 2935
3502 491
1863 4800
170 4895
4809 4852
1242 2625
3164 1166
1793 943
3188 756
797 2985
289 140
1713 4718
1289 3269
2416 1508
1584 2351
3676 1300
1011 3721
3218 10
3721 3257
4165 3235
3322 1541
4295 2350
2549 2460
4468 143
3451 583
3963 3190
2444 1352
900 2720
2888 1717
1409 1606
3464 3352
3968 1082
2686 813
3495 3826
2800 2611
4694 3104
632 3037
2365 1814
1409 18
4323 2894
679 970
705 1527
2857 3865
761 1153
1317 2152
4931 2878
4610 2122
4926 739
3144 3584
4636 2296
3207 4241
3632 1944
1689 1707
1007 1695
1771 4005
895 4368
4115 536
4189 835
227 2963
1753 2133
3863 4701
1413 283
1013 2816
1647 305
2937 1173
974 632
2754 3085
2075 2890
3736 940
4071 99
1909 4776
484 1024
1150 4806
4241 2402
1165 3662
4606 3792
3679 3852
2108 4822
1790 2033
2910 4685
3798 2325
377 3896
2590 3222
3069 2371
992 1486
4781 2743
3938 4553
1190 2332
3154 1806
2397 1688
912 3367
2068 3469
170 4742
1874 2519
1526 3954
1161 4610
4247 4808
2242 385
1796 2075
379 520
61 4194
616 1814
4810 1591
1620 2506
2961 4904
3476 1730
2939 2526
131 4194
1430 4381
1555 3785
2817 2160
3437 1539
2101 4661
3186 4129
2170 2543
62 4772
2848 524
2294 1079
1338 3666
1318 4385
3254 3761
4173 2256
1102 2457
2125 2166
3928 3421
2994 4427
3522 3979
2817 2159
154 4189
4797 985
1013 3075
2005 3319
3586 3009
3876 531
2201 3405
4863 4220
166 2578
1360 4472
549 4702
1868 1778
224 4220
3204 2021
2225 1131
4365 84
4553 2
2564 4169
3805 3703
1809 540
2391 2613
3532 4914
4191 556
4036 129
1536 4750
4804 758
4691 780
3670 2729
4403 1469
3926 1044
481 4893
2890 449
847 1241
999 3860
619 4165
1245 4825
249 2709
4957 3315
1672 2101
2672 1013
755 3668
102 578
1647 4171
3881 1606
3770 2107
2938 972
1021 2177
3654 3791
3393 4203
2474 1963
131 363
486 4486
2271 818
328 2774
1197 3616
4560 3770
4742 3423
3410 4412
1936 651
1133 2376
1791 1759
2878 1815
767 3572
3973 3386
1089 4947
2530 2341
3811 3443
2084 594
2538 2015
2530 2562
325 946
4683 2628
2367 1013
1288 976
2697 1346
1127 3489
2932 2246
4964 48
481 2307
311 4558
1045 4198
3153 1131
4776 416
4104 1801
4542 3224
4393 2803
4742 4584
159 1505
3564 4111
2969 1259
4215 2330
4837 518
3066 618
2497 2316
1603 4843
4466 1779
2222 1014
4004 1147
653 2052
1114 1237
2947 3593
2837 1334
3081 1619
3161 3176
1400 2782
3718 264
1764 1396
4457 2131
2256 4768
1619 4870
3847 4198
3635 4646
920 2216
1569 2932
1467 527
2533 970
1675 4029
4520 2064
2405 2383
4130 1479
538 1168
4816 3328
4629 267
4561 1204
2277 3724
2373 1268
329 4101
4808 113
3012 376
4830 4091
1725 4134
2285 1809
471 1689
820 4522
3105 1043
4282 1639
4400 385
224 1809
4523 4933
3470 1187
4627 1503
1308 4723
41 3979
2927 1575
4496 1142
2688 1236
986 2623
4681 2427
3421 3789
2037 2949
3910 3901
3743 2718
3157 4181
3216 4438
787 3557
4924 619
1591 2289
380 1882
1108 1350
1382 4278
3431 350
783 1274
460 4451
3823 4475
2526 4190
2615 609
3955 3273
286 1166
1996 4040
4296 1474
2309 131
1526 1753
4487 845
1606 2932
298 2025
4119 2509
1587 1515
1121 4596
581 2230
2209 4390
3242 11
2992 4596
2973 72
2162 522
554 2304
1397 3174
1917 1571
3784 2913
992 613
1146 4264
3554 4106
1617 3720
995 3294
4396 2754
1419 4920
1298 3606
3936 4346
1327 4836
837 3734
2008 1929
982 1381
1596 1619
1887 1971
3309 1549
3739 3773
1954 2965
3545 2914
537 4129
2815 1073
2166 4704
2968 1098
925 644
908 544
3272 3892
3154 1613
4679 4981
316 3560
667 2938
4629 3354
3439 791
16 2264
206 2918
2634 1782
4735 321
4713 3042
4831 2903
1556 4783
1675 4696
3591 23
2966 3977
2961 3174
1938 4188
2292 4560
795 2315
2102 2965
3620 2676
4127 1617
4875 3441
2735 722
3832 2483
162 1577
225 4758
4317 2284
4178 1909
3566 74
3940 976
3689 3436
649 2152
4124 1325
4543 39
1678 2212
3476 638
378 2424
2108 982
2854 2641
718 4343
176 4434
4036 512
3515 88
124 4665
1222 2154
3605 2839
1338 2724
1928 3048
3439 2205
3586 1871
1228 1119
3969 912
1306 2676
2613 1387
3260 1336
4507 3936
99 3355
3978 2178
512 3514
3795 3417
730 1732
4671 4329
76 1103
4649 2013
1933 204
1648 4156
4431 27
3767 3434
4289 2073
869 2386
4095 3905
4861 2673
4055 4920
2922 2351
2474 3882
2897 54
1553 2952
2245 3086
552 4403
2659 4781
1019 2698
4665 823
4559 3679
84 2765
231 3209
3438 4282
3413 739
1366 166
2047 1026
4073 638
80 574
2861 786
900 4007
2242 2
3851 1589
3407 1768
1420 1006
173 728
1893 2073
2310 2177
2706 1048
1031 4171
2101 4594
1668 4386
161 390
2085 1908
3522 1611
2746 4142
1220 3271
4816 3559
3394 2563
2561 221
3108 3502
4815 685
2667 4226
3924 2695
403 2403
907 923
4767 1018
35 2444
2582 970
4303 4095
970 343
4854 1322
1532 4826
2309 1690
1505 537
552 3649
2185 1237
4034 3810
876 1124
1996 1668
579 3018
3571 3574
3000 4439
4262 1936
4630 2639
2898 738
1697 1447
4692 150
4143 308
3383 1662
1467 2087
2257 4049
4543 3579
241 356
3926 3290
3843 2399
1211 4764
3839 329
2382 511
448 4977
4123 3250
3503 356
4970 3968
1933 71
2641 3113
4468 3519
2545 4689
3317 3554
2618 16
3419 2943
3571 3767
1647 3950
3611 4129
3601 4214
3726 775
3241 3593
4558 1083
864 35
4346 4792
4076 4664
354 269
901 2642
2890 2816
3075 4247
1428 4993
4769 3187
2667 3441
4848 36
3874 4227
3641 555
1545 1015
2447 1524
2179 3516
2790 762
54 1738
2183 1518
922 4507
3814 4339
3434 1447
2189 1503
2131 3620
2942 1551
2680 1394
1511 1890
312 2227
4586 3286
396 4484
1694 1797
4139 2994
3728 4934
2742 72
654 2648
885 4287
3960 4865
3155 4765
3188 3200
3052 219
3435 686
4943 3624
3349 4721
1704 1653
2480 1497
2432 371
1287 4988
435 4033
1388 3907
4384 1022
4989 4632
2469 4900
4163 3954
2141 780
177 4247
4379 1385
2001 4314
3680 4495
4660 15
2452 4742
3532 577
2320 1788
4386 4913
3230 2423
1487 2479
4276 950
1630 756
2633 3445
579 4487
1220 3183
4757 3905
1533 1787
3351 1014
2830 3820
1285 4646
4409 4681
305 1551
1926 3614
4386 143
1953 2408
565 522
3382 4495
257 4436
471 1001
1808 1509
1233 2124
2931 4370
720 738
1241 2770
4363 4477
1560 2405
3646 1553
1178 3203
4938 4592
4126 1145
3491 2589
4807 2335
2228 1307
1340 1961
1337 1322
1668 3956
2722 4811
1000 1859
1452 4330
4344 1786
3561 406
777 322
1350 3694
1962 3576
4664 1512
2699 4957
1299 4053
424 84
71 104
3671 2530
4807 380
4448 3279
4728 4812
3520 1397
1274 2890
2786 2314
409 3155
2636 2208
2364 3900
1289 679
812 1548
1329 4572
3132 2
705 875
3659 4600
4144 3912
1098 509
3776 1375
1498 1230
490 3657
4739 1933
2334 2100
450 2433
2982 251
3671 4895
2398 2342
803 3193
1956 3788
3611 2103
2850 2241
4113 4563
801 3532
4037 3179
1182 1106
4760 3473
455 3678
2807 649
2604 3862
4573 719
2674 3895
4561 1521
2517 4956
3719 1112
1462 2536
2720 1712
4463 4289
521 4806
1186 233
1923 3015
2430 1448
2685 2909
4151 3118
1646 2695
1627 2518
383 4247
790 3104
22 1995
1727 3329
1348 3259
1595 2158
2415 189
3787 1187
3496 3145
57 2527
2951 1376
1027 954
1146 3559
2350 4963
1949 1715
3158 3280
4688 2270
623 4093
687 3265
606 732
4363 3674
3254 2949
4393 3102
1679 3256
137 4205
3947 953
154 1907
2171 3762
4580 422
3936 2374
4369 887
594 4367
491 2605
2327 648
2267 3553
3325 416
638 1394
4991 2476
3052 3033
2927 1591
1130 1645
4874 4726
3034 1225
3675 2923
1413 3948
3965 3675
2653 4153
2091 4005
979 3857
505 4536
1718 2457
4879 1625
455 3892
799 1179
3000 4997
2199 1615
4705 3960
752 3631
3165 1387
1160 483
2801 1634
3962 2953
475 1614
1952 4664
359 838
1723 3395
1844 3531
4949 1728
1838 4764
61 4164
3122 874
3620 4745
68 711
3654 3524
2535 4962
4228 3510
1362 1927
646 2077
2568 666
1185 800
43 364
2051 2312
2539 3144
3249 1542
3214 4727
4532 958
2750 511
1635 3614
3439 4592
3254 4691
4296 1670
2540 3920
2718 1247
4283 2807
2403 1571
3364 842
1027 4202
1527 140
0 802
3565 850
4080 838
1703 1304
182 282
3743 3408
3928 289
3732 4747
1736 915
4673 3038
3124 4776
557 3316
3222 4292
3183 2566
596 3328
3743 767
374 317
494 3494
4473 1164
3582 4610
3592 651
3758 2777
1772 85
1920 667
229 132
717 2351
4455 1202
260 4955
1835 548
3935 1366
805 113
261 1252
358 1582
3405 1943
1341 180
2229 168
1876 3613
1354 788
4198 3613
354 3143
3081 4718
1236 723
610 4215
4627 245
1465 4809
1318 2883
2604 3233
4222 1082
3155 3531
1546 4529
810 783
64 264
2193 2014
3405 4221
3091 2861
3013 2375
2236 3060
805 2623
2854 1866
4410 1966
1329 71
2509 711
2954 1396
2689 1399
2127 2566
4425 4437
4708 826
1641 350
2240 3318
771 1436
1567 2420
881 4655
1768 1486
1983 2217
3172 2525
217 1842
339 4952
4807 3367
2795 3164
1190 3965
2889 3070
4280 4701
1170 949
4430 1124
2961 2180
411 4786
649 2950
1621 3044
3611 2965
1065 4202
2681 2925
2874 2323
4183 3587
508 3963
4864 2499
3849 1011
3612 814
3060 3597
1816 2736
3907 1768
2769 4486
140 2372
2735 1119
3596 3632
2279 3793
4183 1446
696 4871
3229 3831
1742 757
2888 1176
1041 169
3302 4749
357 395
4010 1745
2648 3092
2760 2818
404 1194
1453 2687
3871 4436
2645 173
129 4580
3798 4260
4245 759
4863 152
443 4326
2463 1604
362 3889
70 1414
22 4468
3313 401
1820 987
4514 3188
1719 3786
1021 1477
3996 2383
2586 502
4020 2463
3369 3792
958 3177
2687 3770
3541 962
4672 1698
4060 1014
2452 2530
881 2913
4415 2531
1186 3828
3252 4029
3670 169
2435 412
4242 3524
672 1645
579 4229
3199 2827
4023 4224
3182 470
2855 3383
422 966
3518 1645
2758 4263
2276 2336
4261 4874
4057 432
3272 976
642 2912
2285 2845
4445 1292
4258 3864
3272 2142
4754 3851
197 3891
2752 1327
3537 284
2799 1203
1476 4874
1619 4420
1443 1273
797 3005
3505 2416
3214 867
4286 605
1175 296
698 4747
4857 3500
4559 556
4350 4642
3993 4435
4213 3530
1277 1577
3369 2481
235 4753
704 803
1032 3612
3528 3098
2981 371
3273 583
3445 2085
4198 3971
3970 1559
878 549
3774 3711
3665 1159
1908 2514
573 2971
2381 3877
138 4450
556 4211
2747 1741
1827 1109
3337 3864
1075 2182
1050 3142
2947 972
448 1222
3197 1148
2814 2137
1045 3981
2343 4943
2397 1026
1691 54
4203 1268
3798 2094
4738 723
3233 2939
762 3115
2627 330
1301 3624
4257 2194
439 97
4370 878
2959 213
4712 3010
4894 4525
3049 3900
1717 3720
2612 2548
4976 2032
1272 4546
927 4867
724 1713
4777 2769
2759 4573
2070 3295
1548 2108
4291 1920
242 234
2930 3348
1278 3676
601 388
1381 3212
4557 2923
397 3104
1322 4648
346 1619
257 1760
4664 4420
1231 1001
196 4207
3552 2852
1641 1179
201 4097
70 69
3683 4615
4635 4502
3657 2566
2480 1406
3451 2944
3953 4495
4114 85
2129 1092
1556 1165
1273 3574
1298 4158
3353 2566
3363 3001
4720 3722
3998 726
3472 3173
462 2546
2693 3376
3742 4029
3229 2523
471 4350
4249 4826
2422 1989
4114 4246
4911 2943
4187 4192
1302 2263
2140 3934
1808 4459
4722 1987
4947 3785
1974 1884
3563 4226
2672 901
2509 3741
4668 8
2203 4477
88 1585
1583 440
4 3841
1398 4538
1593 721
2397 4810
1883 3435
1154 4681
1130 2179
4545 697
1526 61
2180 291
1827 1936
4347 1215
535 2384
4154 66
2096 2230
2009 123
325 1084
2752 4781
3687 2892
1709 709
4409 2649
1939 2579
2900 3404
3405 1046
4671 772
3232 4648
2933 1378
2842 575
822 1662
1387 1545
4661 1321
4673 2386
2038 2919
3790 954
485 1223
1577 2484
888 2531
3736 3090
2757 848
2278 1661
2645 4615
4127 1245
3710 751
480 4704
3636 1675
639 3213
3598 2158
878 1668
1971 2058
4124 4125
372 2777
2885 2111
732 2672
930 2067
999 1930
4361 1281
1561 59
4052 744
1536 4207
894 3860
1866 4579
1682 2331
2306 2072
2547 1060
1408 997
185 4435
2325 992
1437 4538
2902 4106
2344 1877
1789 4955
3655 617
4208 1363
3356 1961
1634 329
3329 1574
2452 4286
1910 4889
3260 2118
2595 3244
3355 621
3576 3561
1816 587
2385 4585
588 2646
4607 2078
207 1199
3148 2091
2681 1093
1134 4838
4082 4823
1389 191
1815 3337
2422 1381
4931 915
3792 285
3472 276
644 1458
2304 3129
2776 1216
2706 2725
4295 3169
1916 65
3965 3637
4403 358
1476 2184
4057 4501
1442 881
4682 1966
2931 3316
2080 2915
435 2050
4748 3977
3980 4727
4346 3821
4315 3656
3569 3146
386 3036
1142 3427
4993 1830
3152 4960
2983 4865
3710 3087
4178 468
4851 2981
1978 3051
807 4244
4800 646
2736 3329
2859 412
1098 466
4170 4375
3675 2704
3592 2220
2255 2074
469 2603
4749 603
601 3619
983 3429
1486 1604
253 373
4328 316
2915 2997
1427 58
3324 4910
3832 3435
173 1582
3139 314
1535 4798
4799 3359
450 3118
1066 4773
2824 2133
3892 1288
4348 4695
3830 57
2421 4193
1457 1561
4541 115
888 4897
3046 4400
4123 2809
1414 2654
2176 2867
4962 4692
2819 1100
3910 3547
4813 2879
3626 1086
4742 4749
7 2065
1339 1077
3595 2521
1328 1814
2122 2143
853 1717
798 3532
878 3831
1254 2242
237 1956
2884 1542
951 4101
314 2715
2260 2481
1303 2242
3899 2259
4074 1889
1001 3908
2679 998
270 1456
140 2380
51 2248
2163 1363
4523 1568
962 4728
2259 4179
206 3488
709 4408
4881 1580
3232 1923
1058 2055
3468 1485
2248 602
4008 3660
251 2187
2441 945
3446 1809
3139 1672
3407 3975
2372 2093
1697 2695
1705 4105
2791 711
992 3073
612 4457
3933 1093
2578 3069
2949 1105
3498 2396
4341 4666
145 3562
1779 2034
980 3898
3650 3827
3148 3920
3909 2464
3804 1699
3836 892
4796 1593
3087 4893
2984 1339
3200 2359
139 1083
787 1940
3896 797
2859 4350
3131 1710
665 4185
3204 2844
1954 3386
2971 1439
4178 942
2454 3248
4526 3513
1211 2698
629 2873
4649 3723
1277 318
3768 2850
180 3237
2498 1851
1417 4270
4375 427
4709 3600
1264 1902
3457 2501
3493 1575
3566 1842
2423 3151
88 4325
2388 2591
138 4810
1546 2917
3515 3020
4194 2493
4053 1697
344 450
3942 1668
1826 2957
1912 2359
1748 2803
2670 4585
3671 864
4734 4820
1377 3447
4060 250
1827 1754
15 1483
2207 2244
3619 1136
239 2789
154 3585
4758 3608
1222 1372
790 4330
4672 3104
2777 1742
3924 395
143 3467
144 615
2681 772
2728 355
127 4465
4200 2549
1926 2716
3388 4094
1280 1890
2780 2856
1588 302
1833 4450
2319 3788
102 3784
3934 4311
1554 4159
3985 4266
4500 4548
4496 3442
2346 2239
2653 2841
4200 4406
3939 1831
2233 2191
2200 3235
1646 2023
282 3470
1208 522
2669 556
304 1001
177 1104
4356 1560
73 3585
672 4157
990 316
2407 4056
4083 4181
120 1387
4040 4450
540 4046
1382 2273
427 2132
1568 4492
294 2179
3765 3103
4345 1213
2463 2015
916 496
4604 48
4534 3340
281 2415
12 2025
818 454
268 3896
4155 2079
4732 1817
4787 1221
348 4044
4432 2711
2173 3727
2343 2432
4937 3465
4310 2232
1747 4656
2542 859
2496 2634
539 2245
3196 4451
1306 1074
1869 4294
1402 401
490 2353
2048 1234
2034 4258
4415 1387
2125 61
3770 216
3481 38
4558 1814
1384 2801
2719 2901
4355 1998
1305 2393
3109 2918
1514 4351
377 1022
3569 353
4392 1571
2582 2570
3768 1766
4217 2002
935 360
1145 4446
1736 4685
1619 1303
2687 678
593 3283
4185 3030
2927 3408
4050 707
3173 2976
2382 4923
3202 4433
3591 1690
1264 4870
3335 2691
1822 2962
4182 2086
4969 3865
1984 345
805 2512
3342 4809
4269 2368
3280 1074
2749 766
4607 202
4973 2490
1495 4029
3749 2640
3946 3981
889 4032
4182 4286
1444 4604
1044 2774
1324 4537
1111 1303
432 4213
231 966
3291 209
4057 912
2774 3263
2372 2568
4535 3911
3942 2580
1476 3573
3538 535
2130 1713
1383 4032
4320 286
4288 1525
3106 3432
3925 834
2988 1818
4471 3610
4067 2581
3716 4899
3440 4971
4742 1867
1101 1657
1207 3465
3342 2094
65 4561
2511 1068
225 152
2285 4183
1245 2923
3350 337
2041 3381
22 3731
214 3533
3274 2013
27 2238
2682 4864
4216 975
4846 3930
2969 1782
2283 942
4668 3631
2513 1856
3972 3010
492 4618
1789 3853
3497 1173
2736 1823
3063 2419
1495 4696
4138 3420
4017 2735
1108 4732
3163 2454
1388 1124
1460 4804
449 3797
1436 1010
3160 3091
4287 414
4689 317
4572 1932
4348 3967
2478 1728
3287 3341
644 2856
993 1035
2800 3242
1424 2373
556 1753
3314 1144
2927 3391
4793 2189
4810 1247
2386 4558
1720 1081
3132 955
1622 4322
689 3064
1457 2
4819 2844
792 75
4317 1799
3095 2924
1859 281
24 1819
118 3052
682 2062
340 1484
1463 601
3734 673
1296 2948
631 889
654 1446
3895 4090
2117 1815
1054 4245
3278 4329
3330 3432
1918 3728
3383 2129
2847 3018
1278 4748
1943 4541
4108 2091
1510 3754
2605 928
4423 925
3575 3753
199 355
1419 4400
1700 3349
1935 3316
616 3540
2518 4263
4041 4285
107 330
403 1225
376 4640
2682 2137
353 3702
70 2064
2718 2718
1866 2849
3008 4541
133 2541
4748 4524
2901 974
3654 4524
1528 1856
4860 4540
3933 4278
1187 3947
3607 924
2186 1089
1112 1324
4821 1284
1351 201
3776 3976
2298 2866
4250 3163
1029 465
4755 3435
3844 3760
2476 1346
1803 4096
3714 3755
4047 1853
4337 1353
1394 4561
2931 551
2386 44
3561 4769
4260 3007
1554 321
3539 3947
504 2204
4922 2213
113 1063
3829 3211
1268 548
4494 1351
3030 3261
1070 2382
2177 3088
1490 497
2188 1009
56 1293
62 3983
3069 760
3833 2018
3694 791
3484 3183
3862 4367
3109 4697
3596 1102
3229 1048
138 1364
3717 4623
1467 4858
4718 1100
1698 4681
254 4807
996 2451
4535 1508
1232 3103
4895 664
1079 3033
612 3592
4864 2557
4239 811
647 2993
4320 1001
366 3201
4276 4403
131 4479
3789 1643
516 824
2373 2519
4565 4276
1710 1561
4599 3364
4901 1356
1470 4785
3975 3195
3364 457
4846 1553
2245 301
1485 1381
1790 2106
2323 294
4836 3957
4173 255
920 2209
1790 704
4684 1334
3281 4124
953 4652
2097 578
3114 3696
2653 1008
1424 3116
4624 58
1693 3987
1294 4557
1851 3464
3888 598
4671 2977
3749 1081
3965 4199
3010 3621
3382 4507
4955 1975
2188 2220
1221 34
1179 4283
4943 659
1407 2993
1379 4982
2497 3624
2445 4098
362 4576
4851 2954
893 1519
2576 4808
3004 4180
3010 2061
225 3225
3075 1439
700 2431
4662 1569
4050 815
3523 359
2588 3177
1411 4212
2377 164
3601 754
4038 2886
4842 1306
2816 2883
3152 1184
3064 4989
3015 1860
1507 3222
2949 4054
3390 466
1789 1548
3094 253
1210 2079
1245 1403
735 1552
3784 1098
4010 4279
329 4466
3626 2463
1969 1065
4422 4836
2269 4927
1294 4979
2345 3087
3280 4681
505 466
4457 4902
4791 248
3131 3239
453 4810
364 3419
291 2678
2480 1593
4055 496
4819 1113
1360 3883
4861 4461
3961 4568
271 992
4679 2089
1846 1507
2840 138
4044 3970
1172 1903
1944 4795
4598 744
427 3215
3984 1078
2897 2002
526 1491
4532 3362
2277 2825
3758 87
695 556
1777 2893
3157 1031
3891 3867
1194 3060
3225 4161
4148 1788
1231 4395
497 1074
3566 1256
315 2713
3066 1590
330 1232
2079 1930
478 4456
878 3462
222 3624
3258 332
4341 4908
4054 941
1987 4481
3872 1700
1289 3767
3351 2051
919 954
4777 3071
179 1566
598 553
4036 2608
168 4189
4666 2949
3610 287
2235 4273
2412 2914
3968 1404
252 1531
1870 1187
3652 4567
492 787
712 2005
3503 2416
4494 4161
1523 2172
3072 4262
627 1977
161 3367
2338 3661
4889 1033
3686 3516
4084 2577
1569 1204
3517 423
4972 1594
4474 83
4396 2632
4147 1139
2889 2952
868 2195
1513 4956
4884 2427
424 1825
3529 2
311 4419
1206 356
50 2921
3103 4230
1209 4696
2431 4680
2269 1854
48 317
1919 1422
4870 264
1506 4285
288 3716
4416 2718
520 140
3850 2724
740 3625
2969 2463
542 3278
261 422
3274 3284
1972 3471
553 1004
4328 4273
1759 4214
1930 3321
4621 3721
2707 4068
3626 1259
961 4245
1962 1318
3145 4624
3665 2755
304 3673
65 726
4604 3843
4394 3116
4240 3771
704 1313
1087 3749
136 4777
3449 3910
3463 3906
3363 2649
1917 1936
2092 1079
632 2906
4811 2896
4181 707
2029 3491
2363 642
3433 1040
1358 2560
3615 253
4607 969
3924 1447
4960 4161
1395 2635
1858 945
4787 2486
3222 3731
3921 3220
403 1495
261 3275
2890 4413
3242 4690
828 2843
1613 2518
569 3224
3079 3233
907 1278
1286 3404
2293 946
656 402
3119 1593
4391 3343
2995 4804
2725 4844
1341 3854
1582 3864
1036 2107
807 4829
3515 2841
3716 421
1695 1361
1887 4039
224 4758
2144 2236
3333 2163
1281 3242
3182 2963
680 514
3864 3896
3029 682
11 3161
3321 3657
2731 427
3181 4250
1000 1500
4224 4085
185 2051
3939 3539
4123 2194
1197 4106
4051 4557
4501 1614
3473 2907
2209 3920
1761 2583
331 502
1379 3314
1154 3421
2942 2300
3317 4369
2858 4251
3746 1899
725 4291
406 1288
823 1179
1176 3675
4057 2806
1328 4625
1181 3413
2067 601
3924 2023
3822 2944
4433 2205
3750 1317
3640 3670
2841 3977
3864 1768
91 203
4035 2235
1702 3272
2789 2965
3905 343
945 4975
4689 3172
4257 2809
2230 1875
1259 4441
2478 4251
4226 3975
3561 3744
3637 381
4585 3400
3405 627
1829 1661
1315 1843
3979 1964
2107 812
566 1717
3030 2880
186 1638
3274 1790
2468 68
1790 895
1351 4849
1 1861
209 3269
305 1858
3681 3905
4818 4584
3594 2781
4938 2771
1333 1700
3818 4440
3382 559
1361 999
1274 3303
4388 1889
2213 570
3478 3564
4717 1771
2982 3422
2248 127
449 1236
217 61
2091 4413
3655 4904
2724 3927
2083 804
1461 2512
4078 4805
1534 1636
572 2989
4458 1107
3573 2679
3018 1938
3946 2716
4772 2753
2509 2119
2903 3489
2210 1284
4192 3237
1988 1458
1925 4169
4686 2057
3911 66
4816 2554
1909 255
3049 4545
3999 2932
4929 4196
4297 3973
2206 2918
1533 4115
2422 156
4597 2694
4340 4954
3183 4225
4828 3436
1606 3898
4438 2506
2290 4607
4627 2047
3837 1723
2231 2061
1320 2634
2125 109
2670 3865
1666 1079
1162 3877
3537 916
1586 4059
690 2101
4968 847
4446 1251
3515 4338
2738 4752
4943 69
2100 1027
4684 962
926 2374
3830 1727
3570 2091
4448 1416
1964 4759
4207 1255
3366 4996
3247 3817
217 2681
319 4201
1800 1994
3965 2331
1650 400
1701 2654
4627 3620
643 3336
3084 3784
274 1651
4692 4195
4537 3907
224 152
3934 2379
2864 2441
1266 3974
1650 3707
4512 200
1333 4336
2310 1863
1287 275
3527 910
4651 1019
3757 4067
3449 4730
3560 3284
4464 3241
3745 4499
1349 1132
4153 515
4290 3550
3739 4313
2830 2891
4920 2662
3320 4591
4712 3826
4814 1784
1353 3497
3930 3096
2293 1268
679 1437
1209 1548
3791 1120
897 3416
2611 2921
1305 260
3597 2370
4843 4161
2236 2183
1959 919
4176 4184
2841 3454
748 1755
1214 258
4282 4837
138 1026
4057 2200
4273 4384
4976 2882
4239 1760
1640 1908
3574 2223
4389 3706
1533 3457
2230 4411
2766 3256
1113 3893
398 2032
1866 398
3363 3421
2117 4529
1017 1564
1239 3248
3795 223
91 3398
1195 4688
276 3038
458 3093
3426 225
3087 3726
4090 617
1353 686
1162 3801
1409 1074
1984 4757
3039 1071
4637 127
1327 1722
4106 1742
4931 2966
728 992
974 1266
1077 2892
2169 4024
1998 2028
4246 4045
3413 455
4807 3145
614 3951
2030 135
3 2937
4248 2523
1460 21
3989 2762
86 2460
1264 3868
1345 3777
3085 4725
3430 3634
1011 4162
2752 4465
1173 3168
4577 1143
817 2732
3711 221
491 1693
1229 4988
4765 923
1222 4830
4860 2161
1486 1497
1651 1016
3671 2616
2288 2269
1172 2706
3234 4248
4020 4044
4749 4310
923 751
2962 1470
4289 3792
1715 2395
3127 4049
804 2159
3663 466
1657 1226
1976 1754
2937 367
4964 2208
1124 806
1660 381
3196 3673
3641 3524
2433 1862
745 578
2285 319
1662 2362
506 4452
3177 3010
2945 693
304 4552
4150 2221
4292 4349
687 1814
4840 1994
653 3855
4817 3807
2913 3575
2674 4876
1339 33
3946 2893
4007 2457
4705 2459
395 3304
4753 271
4032 4929
2184 1604
4694 4319
3196 1689
4070 3152
4059 2789
3263 85
980 3536
1627 2267
2946 2800
579 497
3462 2422
1784 278
2831 2253
756 1595
3907 1170
4352 4316
1196 1562
1273 4700
3570 3002
2541 1577
2327 1474
983 1669
344 1558
1805 2337
2512 2690
3471 4096
2556 1960
1102 3578
994 2550
3657 2791
1980 1488
2344 1495
1303 679
101 3408
1997 291
1545 1354
1567 1012
3870 2665
532 1627
2987 2632
1534 2668
349 572
4053 945
216 4448
4383 632
1341 2947
1153 467
3335 4599
4051 2631
2681 1227
3762 284
3185 595
1392 1694
3655 2359
1837 2336
1694 1668
1521 3717
4492 2715
1112 2768
1244 2004
1639 1229
4639 4228
1778 4567
984 675
4391 2525
1615 3680
4662 827
4646 2143
448 1619
4963 3329
3112 334
2544 660
592 1563
1299 3663
3864 2006
3922 1553
156 4802
4762 4165
2675 2768
225 1762
1953 729
1894 3590
1054 1810
1866 3727
2878 977
1881 4825
4700 617
2890 4005
387 1022
2415 2774
3531 3925
2825 3095
2850 391
2535 3637
2325 2796
4806 125
3038 1809
3095 1919
1330 3924
4338 2564
1496 2671
2965 4962
432 3275
161 2087
2151 1603
4373 3221
1560 4560
4890 2034
672 2179
1943 2110
394 4670
1583 3462
1946 1081
3842 4561
4248 3091
29 3218
3051 99
3598 3534
1566 4029
3597 325
2824 54
1691 2362
4285 2108
1868 3360
2773 4406
3464 828
2790 4672
4245 3948
1760 906
4332 4348
1637 4285
1262 1462
4654 3954
3626 1782
2932 1104
943 3857
4886 2926
2269 201
3625 1328
985 2626
3395 4276
3530 4457
4171 2914
1390 30
3055 1858
2256 772
2816 2347
2071 3441
141 3882
3706 1489
1288 3678
6 1115
1561 1860
3697 4237
1252 2728
2157 4979
4909 3017
714 2918
2576 4046
1422 777
1057 2935
2677 1933
3215 4378
3519 3995
3084 87
4685 95
38 3211
4967 4824
2707 1823
3725 532
4272 1369
2568 533
886 2164
3007 97
4499 1043
1226 4702
355 1978
3339 3714
1839 433
1642 2472
4796 1604
3056 1460
357 2690
3013 4507
4549 3008
3063 1681
2458 3729
3416 3294
445 4758
1261 1556
3446 319
1583 599
1587 94
1432 2224
1254 3767
1859 4431
4137 3793
2213 2502
3680 3556
228 2054
4365 268
3631 3922
2365 3233
1079 318
4334 2029
2284 290
2907 4804
4128 2600
1697 1278
532 537
2579 3812
505 1259
4051 2058
350 1719
1362 2630
3922 2769
2463 2586
1026 790
2730 796
3781 1367
2414 3298
4496 2298
1654 636
1460 4769
2387 4053
2676 4207
2543 444
1432 1666
382 812
2245 3749
420 3553
4833 3274
379 3588
4172 783
4224 225
2703 1851
3870 342
3487 2311
1313 646
1838 4605
4670 2936
4206 1481
313 418
4486 1213
4277 1591
3344 1341
3609 2130
445 826
4084 3931
4389 339
2507 4553
4309 3248
2986 2453
4736 3984
4415 2073
170 4371
1363 802
2902 1287
3453 994
1020 626
4429 3554
3304 2233
734 4228
3029 1919
517 1563
2473 1255
4634 2712
1040 1922
3342 2133
622 2672
3356 3574
3019 2259
3265 2619
3716 540
1753 4260
2765 2440
556 61
3114 830
1644 4896
2481 32
745 822
185 4691
4567 2469
4486 4645
100 1206
4018 1476
1615 584
3346 1746
4730 2983
4745 731
634 4901
4271 387
1332 2964
2474 264
1886 4977
1270 2262
2366 4516
3010 3168
4655 285
2704 1374
2289 1962
4782 2891
1973 466
1807 4153
1605 4964
3695 37
4607 4994
1541 1212
122 123
3570 3840
4280 4505
4549 1764
1291 1194
57 543
4673 3598
1902 4848
3476 1719
1544 3733
4877 3153
1688 1921
761 3023
1030 4866
1537 1518
2877 324
1992 3020
416 1540
1248 54
3010 1508
3864 1170
4671 665
4924 3074
3685 199
1502 672
2481 2137
3342 3237
1072 3144
1168 3196
3529 2441
3880 745
1796 3638
4860 4203
3754 4471
1490 3888
3212 4177
4971 4182
797 2346
2568 1235
4824 513
3107 3597
3236 662
2814 4207
2064 3190
654 3621
4870 3831
1664 2140
4127 635
4856 2380
4201 3728
4396 1566
2569 2693
2060 2118
4016 558
4392 1936
4139 604
3124 2844
4867 1811
2858 953
1742 3008
2278 118
4789 4264
130 772
847 3402
2902 222
286 1768
3041 4672
4010 1842
3924 1278
1043 4611
1028 75
2312 1896
4081 2712
363 4787
1709 654
4807 4858
3646 1136
2263 2261
4635 2273
1823 2741
1784 4493
4537 1124
776 3691
1426 4871
2247 155
4001 232
3523 3331
1469 4337
3784 4655
47 1621
1075 2413
4666 2534
1708 4959
3914 3183
4568 1510
697 2563
4892 3516
1860 2104
4990 2166
3443 1939
4121 240
366 2774
3957 4967
2452 2213
2541 318
2756 2550
2721 3409
3266 2917
1526 2681
753 1594
1237 84
1899 838
4191 4258
4763 2561
4616 75
3443 337
594 3812
123 4575
3093 2567
4232 658
4067 2637
1320 34
3694 218
622 87
3416 738
2698 2535
2456 3783
1854 1173
88 1425
3682 415
4929 704
3626 509
1150 4015
217 4279
2890 2454
2831 1041
2720 3829
742 3279
1037 4326
1753 110
569 1299
1978 4042
4480 1318
1103 2172
2421 1289
2334 243
2208 4422
1593 4046
1973 4699
2466 1958
335 4132
348 1536
2706 3113
2987 100
497 4198
50 4828
2196 2486
3031 125
2611 2214
4300 2590
2843 1748
4752 1170
254 341
608 4604
2321 3352
3770 3753
3840 1343
2286 683
1937 2433
245 4695
4214 3549
4007 3578
4417 2249
2911 4760
717 207
1455 1990
1502 1938
725 1393
783 622
1623 1248
2132 3767
2986 2425
1294 152
3031 3088
939 186
1792 2790
4443 781
2187 4159
3970 1157
745 3384
936 2522
347 1191
4177 3927
4769 231
1599 3605
1525 3088
3684 4109
3782 2936
3255 4450
1191 2112
2404 1085
4167 1941
4982 1710
54 3379
45 4285
1377 3314
4547 249
2878 351
4486 4828
3021 1963
2028 430
4912 2657
3 1123
1731 1575
632 530
3249 4465
1623 620
984 4415
4789 4913
3864 1996
3237 3432
4296 1281
53 3708
567 1395
4822 429
352 75
603 3791
1632 1213
1765 630
487 1737
4011 3322
1293 2262
1459 1642
188 975
3012 4547
4985 493
2273 2248
2083 2544
2220 939
1390 3217
1925 3767
3125 186
1273 2242
3272 2277
3183 3228
4182 2530
1774 1787
1640 4611
78 82
4144 235
540 2844
3981 4131
4490 4187
106 4129
2231 3587
1384 3976
4962 4278
1502 4990
217 2166
3397 2234
4474 1633
2008 203
1170 4002
4708 4307
1792 3502
3426 4339
730 4284
3599 4386
2598 1056
104 210
2321 1989
4473 3683
4316 4964
4353 2066
2056 691
1418 2961
2679 2986
3939 3461
4318 4642
3100 87
86 3086
1021 1706
1515 2565
2989 2814
477 377
1155 4503
3097 1304
1566 1407
1077 3103
1675 4731
4377 3687
1181 664
2220 3905
409 2079
2831 1604
1277 2532
3565 4539
4229 3040
1877 3629
3935 2738
1333 1932
756 4446
1441 1805
4432 4122
1382 2202
4669 4413
186 1773
3128 4669
2536 517
4531 1113
4169 2938
2258 1560
358 910
485 2221
1409 2064
191 1989
4318 3049
3921 2100
2908 3814
3984 4103
2666 2193
1214 1403
1140 1909
4597 3749
2795 2306
2571 1109
916 3926
3757 1847
895 3784
2210 3696
2111 2301
2518 2290
3724 1938
3730 4634
3719 2954
1881 3608
1404 3221
3699 4523
756 4447
3896 3701
3147 2057
3848 97
665 2870
4501 2642
4760 2076
929 1265
1199 2618
4876 1722
2962 1821
565 696
113 3825
1838 2961
172 3900
647 4060
1766 4715
1218 3066
3840 4609
2134 3997
4863 670
4799 986
3939 3894
1560 696
2321 4686
589 1224
266 221
2497 1582
4470 1032
4863 319
2168 3799
3046 2316
2851 1287
4948 3156
1539 2387
1023 1851
1702 3743
4823 2200
2005 3554
1952 3308
3113 4027
3823 3853
4214 2939
348 3780
3116 3384
3153 2643
4799 817
2969 3095
2874 2496
2681 56
3586 2257
2446 1164
4587 4202
967 582
1299 4279
4001 1960
3675 4825
4758 65
372 4666
860 3989
91 2004
4881 4034
1762 384
2691 1331
2807 610
4346 758
3899 3853
4826 3164
1569 2350
4617 1028
1557 2592
2543 1737
3966 4689
3390 2498
1516 4656
4387 1186
3754 2542
2184 1041
3838 2750
4711 2627
2004 3374
3124 606
4170 1636
52 45
828 4945
270 3892
3310 2495
1285 2850
4480 1908
513 1017
1582 3700
248 3385
3236 783
196 4750
3319 2866
3698 1795
4166 2299
3916 2931
537 2673
3515 3314
1292 3138
208 517
1615 1466
2677 1093
596 4087
4765 2440
312 1198
3940 1456
4312 2330
4268 4543
265 3570
2910 3941
1579 2118
4854 3575
1535 934
808 458
4480 1063
2244 3829
524 4279
4328 3776
3417 1841
4042 3233
3040 3123
4013 256
2653 1349
1459 4715
1515 1067
1127 2114
1442 1909
88 3856
2832 1317
2187 1143
68 83
2964 3366
652 312
4916 1145
1088 1062
1544 3956
1703 2671
1225 1391
3265 376
3582 973
3023 4266
3685 3496
3669 2591
1620 4415
4376 2564
1432 1583
208 2601
3961 3814
2714 641
530 468
3400 2092
1485 4338
1256 3874
751 3773
927 4864
4684 31
1093 1684
3114 229
2989 2226
3262 4472
1128 4892
4982 2532
4955 4260
3699 1027
1839 4915
1510 1866
4830 683
3730 1265
385 1317
1241 2806
463 3846
2101 4982
3061 2545
2495 1581
4382 3873
1653 1753
2034 4960
3150 1103
3545 2113
2706 4040
1996 599
1285 3792
238 2838
4956 1396
4165 3132
117 4523
577 1306
4775 1060
1698 4472
1416 547
3250 976
3940 2142
4381 3483
2705 862
1489 3335
3001 4631
4881 2781
4060 747
4368 4928
1001 4732
144 4200
2695 388
4017 4552
2966 3357
4596 4622
3603 3499
264 2992
1684 412
2643 2046
2319 3571
4079 88
838 2488
469 1300
3740 421
2675 3216
3976 1386
513 2351
2559 1159
847 4592
4003 1089
3675 258
3398 872
4473 767
4316 422
1849 655
3440 1291
1903 3412
2448 4870
1477 2055
1118 551
563 4783
1691 2133
4587 734
4806 98
2284 4090
1215 4795
2678 1284
4952 1579
1790 3578
2927 2872
1595 355
1905 1778
809 3830
3150 2970
1659 2782
689 2433
360 1765
736 960
1108 3908
923 3402
3320 2166
3081 1222
3476 2488
2324 2070
342 4311
279 1350
365 3686
4181 3317
1461 1322
3468 1637
1283 4256
1193 2151
3654 555
4838 250
4317 606
936 330
4385 400
4257 231
1172 4981
3184 1525
3451 3054
3273 1056
4242 3454
1915 844
3280 2716
2216 1604
745 4368
523 28
1996 549
328 4493
3396 1023
1605 1929
4728 3909
38 3809
1317 3422
773 4345
1163 4257
3182 3075
971 1285
2848 159
2486 699
21 2918
3280 2384
3034 1778
1981 2370
4364 1829
1675 3629
1016 4879
1485 828
4081 3835
1942 3556
3389 3926
3818 3670
4552 1043
1205 2148
4899 1224
2008 2076
4508 3678
4399 2760
3491 444
1713 3415
3857 4128
1392 1436
4861 4054
1868 919
4752 2449
3969 3119
4723 4749
3538 2145
1056 4545
1640 2691
4510 480
3520 2139
2052 286
2336 2920
2981 1237
868 4142
2248 1930
634 2288
3617 686
3832 862
4547 1677
1060 890
2444 4956
4948 3125
4347 1126
5 332
4030 1572
388 1579
1065 3930
1765 3661
3921 2653
3775 2800
1381 903
3619 2388
4825 1656
910 2988
1530 1287
1386 3254
868 4464
453 2241
2395 2033
1196 1753
260 3853
2672 976
468 3327
1369 3827
2682 291
3813 3846
3866 4753
1197 3514
1291 2166
982 156
380 3988
2832 2183
4227 1707
1840 2828
2801 2164
2055 3296
2814 929
4645 399
4376 1044
901 4782
3190 4562
1941 2421
1436 738
1952 1868
4517 2029
1145 1589
4589 4628
103 3348
537 196
3012 906
4808 4375
4358 1458
1548 137
4829 4624
2973 706
4698 4842
384 2576
4606 2531
2146 4622
2271 3620
1112 1398
4037 932
4722 979
2802 900
1318 2801
3238 1241
4003 4452
899 1214
4095 1612
4656 1257
2163 930
3264 2055
35 4457
2550 2406
4036 1707
581 4463
3379 2628
1195 3411
2412 1001
332 2137
685 4180
2125 1673
3633 3696
2243 4311
1170 2476
3465 3656
1424 4820
3490 3797
1653 3416
1924 744
2671 2513
1389 2331
350 1477
4633 4772
2567 3076
281 1400
1111 3077
1623 800
3390 2943
4396 4453
4435 4213
2332 1807
1394 1561
1612 4509
2263 1368
3383 4324
2254 801
2362 1391
4922 4286
596 2380
626 1911
1339 3914
222 1826
4925 1201
3887 1679
1792 4111
3502 2730
4649 1179
1226 961
2244 2031
2561 3415
4182 2616
4962 4502
4823 4325
4742 2261
2354 3430
1480 3594
4643 321
4380 3348
1440 2188
2 2865
4841 1148
1382 1802
4202 2488
4178 4599
792 476
1868 2291
4409 18
662 1529
2967 4689
1745 4897
2542 3239
607 150
710 887
4260 3259
3068 4520
1926 4198
3352 3801
66 4298
538 3044
4120 3459
1283 14
170 4029
4520 2384
2849 3202
4326 3103
3196 4350
1302 700
3118 746
1866 880
4089 141
4402 4808
2337 1115
3330 2029
4869 4883
997 4561
1576 2818
2522 2423
817 2363
2412 1419
455 219
4231 1761
3747 820
2280 2375
2626 1401
83 2540
2675 3453
1556 3193
3449 4987
4900 1619
206 3353
4235 1888
4650 3006
164 887
2257 3203
1164 3355
1452 2154
802 4270
2747 2542
1866 4462
2884 1864
2320 3073
2542 3033
2360 569
813 4435
740 79
4289 4982
4969 3587
1029 4858
1622 3324
590 635
4414 4658
4346 1883
393 4189
1181 2683
1718 895
3440 1197
2276 2494
1938 648
4001 496
4403 1394
2149 2919
3762 4723
3310 2625
2284 1720
2070 2031
4672 1502
31 4567
2632 812
3626 1360
3306 4536
3340 2904
1025 2432
3576 4410
270 976
2425 526
341 1796
448 1483
4884 4481
65 1015
1658 3700
3951 419
2988 1503
1362 3561
3250 901
113 1202
3155 514
4560 2542
4525 786
4062 1944
2052 195
4180 2455
1740 1789
980 1693
2604 164
4595 4752
3970 4795
2889 3876
4016 4843
3276 3100
3015 3296
3594 3233
1029 4896
3081 221
2305 2878
4136 945
2048 4867
3123 1752
2986 1303
4017 2514
10 58
464 2403
3080 402
3187 1635
4473 3391
1696 4912
791 1367
4606 4535
3809 3847
887 2845
1935 2938
1276 2694
3695 2197
794 2699
4394 1251
3586 126
3202 3272
4463 777
1562 305
680 2931
4082 92
1490 2388
762 853
1956 2399
2604 734
1726 1288
2702 3637
2371 2730
3518 4774
127 1381
2367 44
4002 1536
3430 408
3911 3747
4529 1486
2118 2915
2952 4605
3029 2571
4948 1999
3396 4893
378 620
2598 234
1319 4098
3726 2998
268 1022
1258 887
3473 1364
1722 4726
2446 4625
2688 4077
846 3634
3579 4574
2107 1289
1691 4687
2782 4694
951 749
360 2402
2605 858
347 4406
3374 3169
1459 1691
3306 1782
3140 2058
122 1518
2023 3566
2378 166
3832 4941
864 1404
3007 3868
1211 1123
1079 3239
3017 3504
2848 1605
1167 2514
812 4742
2665 214
2583 4224
1424 3818
3592 634
323 4803
2093 2822
4803 231
2361 2393
1493 769
2588 181
4265 1695
1482 904
776 4200
1069 1435
4977 4189
4870 25
2209 2948
1071 718
2285 4220
4139 2950
3621 4533
4463 1313
2737 3330
2045 301
1272 3901
4337 1313
924 2712
3867 1769
1151 2070
4976 3127
249 719
112 4322
1698 2649
2174 4673
4468 1857
1337 885
1536 4749
1882 637
1333 3226
1356 4463
3622 2317
446 3698
4223 1333
267 2304
855 2775
3928 1074
1671 1774
3392 2480
2053 3122
4813 3295
3401 3902
3138 328
2789 3898
3188 4715
1746 232
2774 3897
4778 1315
2152 3506
2720 2031
3691 4818
3574 582
2200 90
1866 206
3644 4632
1916 4825
2198 4335
4955 4437
4487 4959
4958 994
2823 2425
1092 1735
4210 4256
4272 4456
566 417
2564 4876
2185 4367
3262 1794
1105 4785
2097 2321
4899 2837
172 3798
4551 108
2190 2203
1629 2213
4402 1824
2070 2709
1951 4738
3101 2325
879 1830
3523 3917
4658 206
3017 4171
4166 779
4317 975
2175 490
3068 1359
391 2147
3418 4286
4163 511
778 721
3910 2424
4931 1439
4604 4073
1969 1551
44 4942
451 4089
2546 2815
2613 2428
4611 1385
479 2511
3814 1507
2371 2768
3517 3106
565 1016
502 2661
38 570
3388 3486
4662 31
4746 456
722 987
1373 3742
2241 3857
4076 3140
3590 4860
4670 823
1089 4498
2626 4430
403 1778
2737 1934
925 3496
71 4748
3375 3034
3430 4137
2358 4836
3187 4039
3678 4206
4593 1143
3 4319
4898 4037
1893 2531
629 619
2429 1848
622 3784
2910 294
425 4974
1581 2348
383 3837
13 1245
2604 3858
2981 486
1030 2494
1668 3733
1580 1595
4887 1125
442 2000
1525 2377
4799 1380
789 1913
578 1072
4431 4074
1906 1437
24 3651
1260 4872
4315 733
629 4827
3524 1364
1467 4224
3891 530
4574 3311
1459 1593
4158 2336
1294 4220
4995 3784
3877 59
4306 2986
1011 2137
4158 827
3251 3829
4471 4785
1714 2025
1419 1960
3822 2445
1394 78
4257 4708
2504 2382
4228 2770
1235 1914
1976 1571
3426 4013
4094 4321
3060 3628
4216 4746
4431 4237
1948 1543
4002 1226
3477 928
2667 2333
2095 3313
2233 1561
800 1147
3450 2926
4306 1967
3446 4979
2562 4083
1966 3198
2913 4419
3590 1607
3314 2594
1108 4782
921 3624
1554 4668
2938 2559
1970 3651
1568 1997
804 1806
1740 4411
1791 2212
4960 2257
2606 1411
149 476
83 2983
3714 1583
1192 4281
823 3723
3928 1606
3084 2464
1368 3379
3468 2800
3094 218
4793 1895
12 3251
3407 2006
3063 2118
3492 4769
4684 3762
4389 386
1095 2463
4879 4184
1443 1668
185 2381
1273 679
1289 3984
1289 371
3883 1106
1179 4458
2241 887
3228 4965
2659 3792
4609 554
1031 1197
2289 279
587 142
2699 800
3410 3078
556 1673
822 4651
1215 4896
1597 1847
2172 1820
1488 3809
295 4826
2485 1884
4541 4027
749 2567
1939 4285
1987 3852
1005 4754
1086 3818
272 4390
3420 2210
1024 3895
616 3408
1612 1489
2268 3205
616 3270
1916 509
1002 2404
2074 4071
888 4680
2987 3269
2206 3572
77 3067
3497 601
440 2424
4433 3679
4687 2386
2556 3926
604 862
3563 3428
3201 3457
2631 1090
217 1673
1878 4
2121 650
3280 2676
252 1948
1204 1075
914 4362
3645 1217
986 1322
1344 4495
4833 3496
110 464
2022 750
2687 3356
1013 123
3477 2570
1128 2943
3837 3863
4132 3547
4939 4042
394 4631
3363 2044
2627 2246
1779 1443
2887 4739
563 3914
3648 2592
3203 3932
1730 3433
2354 1
4001 4920
3440 4171
1459 3200
1681 2833
3602 1010
1341 2292
4773 2524
4006 1540
1656 2496
2132 1477
3765 1889
411 4684
1396 4639
2056 2207
1665 82
940 3536
1825 4234
347 4085
1519 2333
770 2847
1311 2997
1488 1409
1984 2303
2419 1690
445 2202
1068 1372
3213 4986
986 1013
3446 670
3773 554
1617 3715
4091 1078
3272 219
3591 131
3126 609
4687 4592
531 4624
3418 1181
4152 3792
2499 2308
16 3571
1304 172
2541 2532
999 439
4269 4304
1492 1715
4613 236
4476 2858
1412 1507
2060 636
1892 3358
1731 2781
2810 4179
3694 2404
4463 3138
4733 954
3361 354
1022 1677
53 1275
3225 3201
10 914
536 3357
345 3649
3743 3391
4 2541
4171 195
2119 1287
1870 4502
3184 1598
2530 4581
3238 4460
815 1135
2101 1864
570 2316
1428 2489
2151 4448
320 487
977 4600
3934 1960
1436 1191
4010 489
2321 539
3305 1860
167 1852
3486 4654
3039 2692
4477 2394
2225 4150
730 2664
886 2938
1335 1185
892 1754
238 419
4245 1649
3389 4887
2164 687
2359 1705
2966 3524
4281 4318
116 3609
893 3339
460 1056
3274 2194
1710 1052
514 237
2618 3737
1131 1953
4572 2698
2640 3971
4912 910
3095 288
1012 430
4963 3865
743 3056
2958 1571
3312 4798
4404 1663
3795 1277
3267 1104
1675 604
1470 1161
1447 2606
2575 3156
4833 3855
4929 3000
3056 3342
1962 4770
1328 1247
4124 3643
3400 1658
3356 4894
2718 3683
4482 4862
847 791
919 3071
1506 2359
3343 4818
237 2005
2448 1512
2491 202
4035 1458
3706 3397
4163 1745
4131 4991
1594 1411
2029 942
4412 2588
2715 1795
1286 3533
2555 1929
1732 2494
2242 2624
3557 3365
1326 4692
4896 781
2435 3395
4086 1283
4657 1793
47 3279
2025 4114
1103 1541
3248 2199
406 4676
1822 4627
2266 701
3321 2423
502 4967
3232 1376
3952 4205
1313 1427
1002 2678
3574 54
704 4
1273 4609
1536 831
1008 4318
4430 4703
1161 973
4176 1613
2541 1710
3750 4391
2194 3520
1348 3108
3384 4480
3701 3919
719 4306
4616 3639
1582 1755
3911 2278
1537 1873
3703 99
168 376
3319 756
1461 675
207 4170
4878 701
4923 3683
4846 1111
1197 2032
563 796
2292 4426
775 3989
2457 1412
222 1582
1400 2023
154 1228
3519 2162
2709 3601
1055 1648
1584 2343
945 4492
304 4451
2752 3792
3547 1800
4685 617
4674 2656
3881 2676
4565 3665
2653 2115
2351 3181
4635 3358
1548 990
881 2706
2436 3121
1129 2501
2016 412
1683 1954
3321 2433
1789 3028
122 4252
4296 2710
2000 446
934 4827
4034 4668
2143 217
4307 1879
1982 4991
449 2283
4368 2761
3470 4758
2173 4045
531 954
4905 126
2513 1921
4858 2404
1188 2808
4531 606
3790 2827
4725 1425
2670 2874
906 3629
35 4733
4865 491
3542 3125
1528 3565
1613 3016
2665 1860
4156 1633
4007 258
3898 4554
3891 1758
1030 2542
2926 1522
3484 217
2129 4016
1583 3831
1460 873
1570 4317
4810 1575
4330 878
4628 927
1553 1256
460 4031
301 3649
1077 4288
3080 3601
2857 1446
2346 2228
3809 3074
2769 596
53 3580
969 535
2884 4095
1025 990
3907 3310
3081 4934
4176 1641
2903 910
3004 417
3121 2475
4923 4376
4415 2407
745 87
4437 1780
1028 3662
1483 883
2539 3978
1457 955
1467 1371
2728 2158
1925 2792
4340 2094
3444 3760
4471 1541
4296 2857
4383 3958
2030 4812
3831 4933
1837 1334
4188 3912
3019 1691
3148 4823
249 2031
1117 3414
3774 1438
648 1689
3887 4190
1066 3686
783 4890
2261 4278
305 3625
3167 3987
148 590
4140 3114
1070 3722
1643 4626
525 444
1880 1202
1464 4355
3470 2546
1719 3827
970 4866
1919 3281
4638 3598
962 1932
3831 1893
2331 3874
2444 1981
1617 3399
4353 4686
46 844
3879 4311
754 4987
4418 679
1935 3098
4443 4292
4061 99
2458 3961
1100 1146
3140 2845
1009 1345
3594 1211
614 2913
1874 3337
4830 3278
1169 177
4048 3717
1269 1875
2267 994
3906 4719
1098 2943
3642 1498
3654 745
1647 1197
1476 2252
3061 2741
2984 694
2505 4877
2175 3282
4182 2213
3956 315
547 611
150 4384
2480 756
2904 4210
1065 3071
1312 2806
350 2177
140 206
1222 4728
1635 3655
270 3033
975 1572
4649 3187
1562 1476
1157 454
2336 545
720 2549
4907 4720
1429 1230
2981 4367
4960 3201
4668 2775
2595 89
3947 1236
4149 4707
699 1233
3323 2720
2278 3820
38 2580
138 1688
4690 2769
4333 1701
2622 2787
2256 746
3136 3868
286 3217
4155 2249
1518 3837
4759 1879
4010 1194
1535 913
4042 1247
3389 3651
3831 3100
1948 1857
704 2932
1970 19
4931 3396
1302 1109
2215 638
1672 2130
726 1803
2340 754
4854 113
3564 121
4990 805
1807 4949
1273 1730
4638 4116
1815 2969
4547 4876
4536 928
4438 675
3892 1545
2379 4608
3640 3591
4255 464
1342 3091
2430 2537
100 3798
1873 600
1378 981
255 1267
3142 1041
2620 2912
2250 4054
4166 612
1102 4825
231 3276
327 3905
434 1667
546 88
4439 2474
3907 2449
2094 3659
3235 1801
271 3343
3346 1611
3430 1293
1284 4119
4709 1203
2765 3363
786 1708
4857 1311
2620 4312
4685 2219
260 4895
4122 1659
4481 117
1579 4631
2669 739
4716 457
4781 302
1937 3417
3992 3152
3005 2621
801 4682
1470 2047
4292 1089
1333 704
3183 412
3290 120
3610 139
3536 3166
336 513
2831 999
994 3024
3812 4951
3409 1408
3649 4643
4380 773
4176 1623
1152 3882
1911 3419
4860 3040
1405 3028
3880 3823
2876 1120
2293 1274
3139 3229
2972 2455
3493 1164
4340 2223
1432 1266
767 4472
3761 1441
4212 2094
3130 3945
2685 2478
2783 1083
1430 457
314 2235
4454 3218
4323 4001
3302 4157
504 2516
116 4702
2685 1738
3871 1590
662 4156
1736 2444
2901 1530
2682 831
1659 3736
992 3950
4052 4590
763 2815
3968 2343
799 231
4509 2280
3936 3008
2013 4507
1452 3867
1597 119
497 2893
3952 184
2686 2459
2468 38
727 2963
2442 2892
798 3565
4752 1768
3440 3950
3184 4808
4355 564
818 2509
1303 1396
4242 4524
2848 430
1394 385
2507 4561
486 329
2145 2102
727 3427
4616 340
21 1290
1233 1200
2850 3743
2370 2295
4289 2481
4794 3375
4488 759
1112 1127
1485 1989
1048 4956
2373 4049
4654 1745
4360 2219
4904 542
3952 3646
227 4071
257 3903
4684 231
425 3279
61 2935
2642 4990
1311 1863
3079 629
141 2524
1476 1926
957 3418
3110 3451
4113 2949
4440 4710
1477 1054
1672 2129
3077 2428
855 1652
3839 2436
4845 3
1077 1178
4693 1353
4136 4735
3958 61
1138 3537
4717 541
3581 3147
1560 4731
1502 275
1951 3196
521 1857
3410 816
116 88
1819 892
2166 1710
2851 3514
4169 2143
4848 3575
4949 3184
1856 2564
78 3944
2256 611
4990 2952
3970 4402
3899 864
3195 4592
1142 4005
2167 1474
2416 1584
1332 1604
2127 135
4856 3328
937 361
1710 385
653 1485
1175 2370
3707 229
4959 1845
2718 272
3298 4901
1509 4007
220 1732
2683 4210
3561 3660
1605 1252
3919 4467
3242 1707
4675 2764
4176 4560
478 2168
426 2346
429 4185
648 2735
812 2086
2545 3300
1795 2921
1414 151
218 1675
4796 2253
279 3908
3132 1561
3967 524
230 470
3376 3004
4845 1852
131 1379
4894 677
1926 4240
2253 3157
3556 1698
723 4527
1409 2716
387 3715
3563 1201
2169 3220
3190 1659
2930 1779
2348 4923
2284 3667
3376 3450
3003 47
4230 3731
4962 2041
1055 3993
1913 924
3392 738
2696 4637
213 3707
3886 710
1409 3614
3961 3336
4638 3679
1708 4504
3932 455
1628 922
3645 2008
1254 2177
3872 2961
2123 1329
2929 4665
2836 3988
3891 4319
3938 591
464 2574
2445 24
741 1216
3777 536
733 4330
4891 3546
1463 3544
4550 298
1970 4400
4872 3163
90 1000
3027 4839
366 2333
304 1689
2602 1468
440 616
4589 3018
2872 2880
3194 327
895 1427
2868 3703
4749 1307
2768 3915
4509 2318
4485 865
715 331
4309 843
9 260
1798 286
297 1898
3098 481
1571 1159
2279 85
703 2760
4379 4520
4184 440
3330 2977
1790 1372
3041 3658
74 3186
3973 2932
2926 2539
1525 2931
3542 1915
4457 4562
2045 1277
2514 3162
1394 2624
1377 3516
771 2570
2378 1583
1231 234
3196 286
837 1360
3658 3651
2795 4314
3977 4981
654 3587
2154 2317
1250 2709
2763 1488
1046 623
3967 4713
2657 2716
902 118
19 3508
4656 3547
4262 2059
471 4451
2423 3872
4601 4958
1917 2059
4927 4495
646 823
4907 2922
4297 2222
170 1181
1846 3739
2174 2127
3489 2509
3516 4843
330 130
2305 1903
1353 2974
3694 3087
4723 3042
4561 4520
346 4079
3012 4254
1028 648
3723 4916
3160 1619
4392 2059
409 2865
3176 1173
2015 665
945 1997
2886 3693
3988 4678
3082 1849
339 762
2092 3052
1306 3421
4904 4304
903 1515
3439 4116
1340 2792
4918 3558
3571 1477
170 2213
1942 3880
1996 3462
4379 4345
2753 5
3742 4371
2876 2003
3313 2843
3593 1492
3952 3868
3183 4552
2114 2402
3656 4499
4360 1373
908 2380
540 4822
1662 2826
2444 3983
2568 3820
162 318
4747 4027
4196 3384
758 690
367 3161
1892 4278
3618 1710
3192 3707
2791 1487
2317 3717
2171 2194
532 3071
3596 950
262 3899
3739 2701
929 3748
768 3995
1031 2425
2537 403
3828 3415
2660 2355
847 4116
2890 4527
4049 2603
2904 2845
3630 2973
4575 2862
1412 738
4563 4630
2032 2831
1178 3345
3675 3578
3774 4586
238 4966
51 4257
3814 807
4769 31
1207 4930
1650 3097
2312 2775
935 860
4675 2509
3675 1403
1034 2857
1655 3682
4200 738
4660 2670
4497 253
2016 3909
4039 268
1010 2398
1717 604
579 3184
753 1812
2117 3432
3046 4192
260 4475
4753 541
1616 4546
827 627
345 3552
3246 2240
408 4932
4042 629
4399 4141
2661 663
207 3849
3434 4684
4261 1368
4860 1352
491 1204
4573 1365
3105 1532
2750 1269
4993 106
1541 4633
2718 1588
3451 4773
1722 329
2402 506
4671 2271
4158 962
2107 4428
3641 3583
1147 140
1811 4316
4454 3249
1248 4954
3941 2668
983 4556
2537 1378
1702 4810
1136 381
4019 3514
3847 1074
3287 1707
789 3395
2939 1125
2062 3805
2208 4495
711 3117
2893 1006
2611 1530
1241 3822
4109 2714
3545 598
2027 358
1142 2187
4129 2439
494 283
2243 2379
3891 1123
2083 4847
2166 2532
2672 2506
38 916
1200 4170
4551 12
127 1329
2317 1142
2500 4151
956 1398
4857 2868
1752 3139
2993 3682
4543 4139
415 2066
2173 3524
335 3929
2262 1542
1593 244
1042 2956
4047 4535
1630 3994
346 1222
2767 1956
2859 2735
3286 3848
628 4224
3106 4405
3779 4916
1313 4368
4273 2207
921 695
2024 1211
3646 3071
82 925
1078 3921
1147 4928
4757 3870
2617 1009
328 126
2556 360
3671 2259
1467 3929
1662 4260
3838 1194
2831 2015
345 3190
555 39
3178 901
2936 1879
112 1835
4473 272
4812 4458
2351 491
827 1469
141 575
619 1667
4359 843
4018 1992
530 1375
929 3858
49 2689
54 3780
3553 2682
1518 3396
3311 2602
2773 4085
4642 1935
311 3575
442 4508
3711 3300
3214 403
2783 1575
984 2506
2635 706
1270 4734
4330 2129
612 4733
1648 3120
1527 3082
2533 202
1698 3001
2386 4419
2568 2471
3382 2717
2525 1089
2436 3773
2588 722
1799 4215
2242 955
4276 2849
2266 4177
3583 2437
1270 4883
4635 1805
3 1502
4277 4376
4401 913
4400 1561
505 2498
2680 3801
1688 1351
1836 1130
3482 4275
3762 4689
4125 414
1776 3544
4325 1717
2833 4214
518 3958
958 4143
809 3810
2244 719
851 1543
1887 650
382 4923
1721 3603
3238 2382
327 2773
2030 2514
3937 2739
1279 2555
3050 4439
1483 320
4643 3190
2377 1557
4643 4579
3771 936
1259 2016
1863 2189
2950 2928
56 4832
3462 642
4470 63
3836 3493
4317 2021
2653 2511
4010 812
2256 3050
1935 462
2870 378
3367 4490
1422 196
142 4532
1337 4940
2042 2961
4091 4411
1717 1743
683 1185
3827 2802
3363 3533
2240 4383
61 1629
91 4562
3482 1748
4519 2195
521 3279
1098 4122
20 2859
2824 110
655 1296
2170 1692
1605 1404
1208 2159
869 1241
3154 2160
3471 4586
1469 1500
531 4969
2153 774
2895 3688
1868 1002
604 682
1850 4177
924 2930
241 2266
1920 2685
901 1350
3320 489
282 4735
3222 4478
699 2491
4200 722
2205 1488
1028 2695
1431 1321
81 3347
2270 4941
162 2532
1187 793
4995 1427
701 3306
1722 1838
881 2327
3109 3533
4008 2233
2149 429
3614 4663
696 4440
3050 3410
2657 2064
4690 4634
1797 1985
2028 3967
2270 207
1547 405
4323 2406
4163 61
4499 1799
3650 3342
3973 878
116 4630
4495 4845
589 1145
2014 4065
106 2932
4446 4077
4824 3937
984 885
458 2294
1533 2913
4675 1303
2605 4242
1626 4766
1635 2716
2414 2931
4255 4268
4327 3711
2707 203
4426 413
377 3422
4533 3337
1494 4439
978 3006
4649 31
2721 1287
3708 234
1739 1954
2642 3455
928 2580
4417 2588
4684 356
2125 1217
2823 1012
2416 35
2808 2432
1342 1409
3222 1784
1585 1342
3312 2200
181 4932
128 846
1112 2730
270 2142
4638 253
147 1892
3552 637
1697 2782
1783 4491
4777 1553
3889 789
3541 3267
1325 4437
3881 3001
2909 324
3591 136
4294 3848
4823 4449
2377 1164
2629 943
3995 3446
1764 4609
1481 2117
4530 4612
234 3894
3338 728
1601 3868
2371 2005
1090 512
4212 2826
776 2978
3326 1021
660 590
4239 2913
2870 835
1459 756
4884 395
1021 2242
4744 607
3089 1884
2684 110
3425 344
574 4451
4616 359
34 4581
3364 310
3331 572
3115 3873
162 4704
3248 2905
1008 1625
2679 3810
3451 4909
1731 1591
1215 4370
3008 4798
1141 4941
567 3576
2730 4227
1998 4392
24 1096
1459 2253
782 1038
1254 679
3964 52
1071 920
2805 2542
4309 383
2314 2700
3309 1649
1968 486
4745 505
1869 3247
4387 2221
3611 2350
4234 2656
1766 1642
1142 4252
3603 4064
4275 1609
3145 3748
2541 3239
4511 2415
1740 4060
2966 745
2659 2531
3238 632
2119 655
3757 1971
4245 3764
4911 4536
851 3479
4885 3399
4889 3557
2280 4251
4761 3036
1120 118
1506 1966
4153 4953
3865 2198
842 2691
3721 1319
4018 758
2095 1181
1599 4932
4131 2574
1451 1448
288 719
218 3601
1721 3650
4539 2076
4709 1209
2638 2193
3536 1289
39 3559
4483 2418
4689 3509
1985 2939
4421 1929
2824 582
3619 4820
1214 4825
4805 3627
2567 622
4706 553
994 4239
1071 2543
4214 912
3606 1216
4421 422
528 216
2576 982
465 441
2577 3303
659 1101
4341 2039
2851 1644
4655 3180
1299 1194
846 1900
1055 2127
778 2256
4465 3481
1342 3211
48 3017
446 2708
3456 3645
159 1715
62 3022
4502 2377
4981 982
4163 812
1216 1981
4557 65
1695 1899
3347 2238
4754 3652
2988 725
4558 3748
2199 4598
377 1641
1528 1338
4687 791
2764 471
162 1710
2645 4847
2581 205
3438 3636
791 4503
2133 4653
4902 2918
2880 4131
1720 4695
4956 2177
4017 1913
2653 190
3580 4833
1643 1889
2768 2635
3330 4340
3004 72
920 456
3036 1755
4394 3818
3004 4000
847 751
866 2263
3334 4888
3484 4800
4465 2659
847 3712
1223 216
2339 4436
3831 486
3940 4415
611 1569
3179 4181
4604 2344
1513 1352
1680 768
3644 4540
2847 497
2791 3209
3397 1921
4945 4513
4494 2843
2587 3627
3850 4650
2360 2287
2611 4
2997 1195
3473 4989
311 4375
1741 204
3319 1406
3226 4661
4693 1105
1975 3022
2894 2229
1763 1680
2323 3592
3417 4775
1102 2704
340 131
291 3038
1714 3251
2812 1421
940 1683
1718 3405
660 1612
4715 3820
1023 2184
2276 962
1629 2616
1214 2923
1837 188
471 3673
1569 1693
2204 35
2367 956
3201 4832
4457 3911
4778 1400
4542 2300
2734 155
4700 4785
4320 4451
4418 2177
2665 4295
4629 3829
2433 239
4800 3384
2657 2140
3445 2880
402 683
4491 2136
3066 1760
3017 3950
3203 1598
3179 1978
800 4727
3421 1662
4493 4237
4108 868
4956 2997
3081 4721
4362 2873
3106 1815
148 2513
2957 3817
3288 27
4841 4602
2561 2832
2919 3940
4922 2530
2264 1097
4342 1198
3004 4125
2646 2707
1237 1313
1517 1476
201 3800
2935 287
3191 4682
2025 1674
971 421
1903 3557
4924 4378
3081 4977
4471 2117
4409 1606
3234 995
1253 635
1179 2322
4848 2506
3524 4532
2739 411
4341 3109
1284 2038
182 3618
769 2104
11 1248
4543 2388
4613 3392
381 502
3428 503
3177 4799
3168 3244
4632 1462
409 4073
234 2135
3232 3177
1603 1716
1228 1855
3744 2610
4082 1792
2072 1602
1705 4227
4525 369
654 3275
1789 2259
1743 2496
4090 2117
2036 4742
595 3460
4252 4984
2310 4700
4524 15
3952 4870
3407 4079
4595 4672
23 1
2132 100
2400 808
1030 962
4812 3145
2462 4604
4243 1653
2819 3103
4251 1
4556 3459
2047 2383
1268 4988
3160 3113
2194 4027
1416 1126
3300 3872
4510 3848
1848 2
4557 4825
2158 4946
3957 1485
2694 1071
2359 4990
3635 2531
3036 3525
4979 1764
154 3143
4063 2694
1055 4413
106 4461
1263 1742
1047 4107
335 2335
3308 1822
4296 3834
4792 2858
1573 917
4362 614
3226 1879
4131 1495
498 3149
3343 3354
4396 837
4698 847
3889 255
4172 4848
537 1105
241 4708
3350 2920
1007 1072
3865 4581
1354 1610
1045 2893
654 2061
4593 398
73 4254
4163 694
259 2287
880 2860
1457 2441
974 4960
987 1085
833 2174
1027 537
4390 1909
4620 4174
2263 3982
3784 618
443 3496
4448 4974
3342 582
4137 2951
1626 2039
1412 146
62 2429
4370 1353
224 319
225 1774
1148 1401
2995 518
2615 3575
3724 4055
2050 2214
3960 3353
1362 713
568 2770
493 1827
2325 1292
2720 3589
3702 2888
3000 923
1546 2399
4598 2732
2358 4348
3338 2007
199 970
2283 2891
7 1290
318 4455
2542 1577
2918 2960
4711 252
3895 1906
2127 3228
4827 754
2796 4336
2367 4481
1036 1198
1180 4857
2857 402
2428 1305
3879 3926
4025 1397
2009 4936
4912 389
2598 2914
4648 3304
1245 2704
2362 3435
4756 3871
2245 560
3266 1750
1739 2018
1814 3360
3589 4189
4184 1668
4163 4279
4007 509
3880 206
2314 4309
3634 3110
3342 1975
4132 1298
1537 4527
3977 2744
2042 258
1711 1336
3276 3193
3556 1932
973 4928
1573 3336
1709 1739
3460 775
1112 4282
2575 1961
360 2821
1490 4139
2568 2125
3815 1997
1207 2800
2456 1997
3566 4275
1990 4229
2118 945
707 1321
4386 426
2487 4336
2011 40
1666 1704
1786 724
2037 3761
140 2670
11 3368
4365 1696
593 1390
4535 402
2635 2296
1881 509
131 4357
964 3256
703 4390
3024 3073
2517 4831
3024 1197
1771 2454
1612 4675
1117 6
78 3093
2228 1100
3116 4368
3164 3296
676 3395
621 3675
3461 4235
4758 258
4734 2769
148 2195
1456 2023
3878 297
4194 1029
3526 131
3439 3598
2210 3238
3879 4192
653 1637
4350 120
4447 3903
2036 1041
4203 622
4185 3018
1604 2951
533 2342
2328 1296
3267 2421
898 4059
4771 3236
1321 2695
4966 1908
4762 3878
2897 4954
3846 4847
3281 4804
3164 2245
2776 4200
3503 3723
2860 3698
4262 4058
2522 3213
4481 1079
1289 100
3605 1035
4452 4450
4344 280
755 1720
4855 2126
160 4701
4929 1372
494 1779
339 4672
3225 3441
1376 3968
1313 4690
4274 427
1495 4475
3924 4439
1763 226
4790 1455
1387 4547
4094 2992
2488 3560
2166 4270
2824 2094
2241 2692
4172 1750
239 528
2884 959
4209 2331
102 3384
2821 122
217 1745
3677 1890
4211 2539
2119 4516
4679 4832
2733 194
1388 4306
2691 411
1374 1647
1920 4476
4259 3634
4960 1871
3052 3892
4809 1940
4998 1665
2179 1008
2255 460
291 4592
3714 4360
3574 1975
4563 3609
1869 4936
3424 2855
3005 1770
3999 2605
409 2193
3163 3805
3541 4708
3252 2530
1299 2466
557 2621
164 3589
697 3455
1884 4097
2314 1420
432 1823
3570 213
3614 2096
2050 4537
1656 2745
3323 1287
2436 1371
138 4433
3431 2013
4791 996
3646 2804
4734 3116
617 4844
3841 2022
4929 4605
1484 692
3869 4838
1539 932
1266 833
3776 4599
4169 765
3339 2300
4396 3125
1602 3142
1674 325
1057 1629
2662 4243
2669 632
3586 3179
3918 1617
477 4306
4679 1903
4000 3409
1958 2752
4725 4997
4413 711
4854 4419
1403 456
3163 2127
1942 298
13 2539
3535 1631
153 2233
1329 4434
3064 586
2730 191
2651 2842
4229 4772
4232 820
3119 1041
2948 2548
3513 4837
2789 3701
3052 2142
549 4630
4004 635
4741 3758
2675 491
2564 3812
2778 4130
3839 2355
3890 770
1236 821
1172 618
4777 4820
3641 4524
747 363
4365 4054
1432 1241
4243 3161
3233 2967
497 2064
4991 3680
2022 682
3565 1497
3277 2755
946 464
4680 3843
1400 395
374 3438
797 40
225 2925
4418 2792
4758 1403
2435 135
2446 4693
2282 1792
2011 2203
4242 3977
3624 3017
4562 4557
3407 2449
1909 1780
1231 286
4722 2539
628 390
4319 114
4817 3505
2548 2470
1521 78
1921 1778
1894 1292
1151 4484
3382 4416
959 2445
2285 670
4093 665
3188 1691
3826 4918
2796 1932
3620 18
4669 1036
734 460
1611 601
2294 3705
621 1078
4588 4997
970 827
3130 382
1517 193
4177 1288
1209 3313
1978 1499
2831 756
1315 4143
3030 2738
3232 722
1866 3190
2679 398
587 715
1685 3671
714 3533
4747 618
3966 2832
1201 4819
3490 4229
4206 3214
1534 1322
3445 896
3602 225
1488 549
2276 3762
1379 2407
276 3240
4505 1811
1440 1617
2355 1271
3694 2205
1148 4772
823 2194
3237 4329
991 4202
1530 3524
179 2754
851 4462
4253 1365
849 2957
4307 3020
4539 1082
1695 4690
2097 4643
56 4655
3445 4060
4830 830
916 1588
4900 1048
1513 4925
4733 1553
4544 3417
1249 3199
3271 1249
3245 2077
3184 3955
731 2983
1273 100
4734 3930
342 1960
3163 2198
1701 4589
3597 156
3255 2300
3169 2626
4790 1544
830 807
4630 4351
696 3670
2473 1136
4728 3120
3747 3047
4053 2686
3233 657
2167 2710
4482 3734
1264 230
4628 4184
4240 4478
1613 3337
1966 1797
4316 2360
4562 4979
254 1062
4652 3693
2976 1983
935 232
628 2190
3561 1141
2261 4758
924 2967
142 3571
4922 2616
670 658
4378 3080
1196 4193
2837 356
3713 2278
3586 132
4658 3190
3687 2659
3589 1288
2705 2343
2428 3418
3682 3711
329 1452
3671 1181
4998 1270
4425 3188
2201 2154
4614 1399
1333 895
3865 5
4601 2525
1006 543
1224 1901
2785 1104
352 3834
3741 1563
3946 3001
1345 637
1159 1252
300 4907
228 3177
4436 2898
1368 3531
2796 1372
481 3845
4887 10
3070 1751
2977 3330
60 120
1165 2695
3193 1412
4211 1359
2275 3562
2720 719
4370 974
3815 1461
3431 3267
2913 956
2341 4502
1277 433
235 3865
3934 19
1849 2882
4817 4765
4246 3357
3150 2897
3483 2654
2231 4902
2474 2768
1271 2866
4261 929
767 4269
1452 1698
1058 877
3966 2220
1313 3384
3610 3918
3879 1096
4161 1806
3062 523
2567 3733
3645 2708
4457 1446
3049 4495
4458 2796
3152 556
2124 776
3545 4451
2099 1301
3040 924
4610 4380
4826 2918
2326 3271
4496 4315
1901 1999
2812 3518
1615 2344
3516 811
2165 2604
4343 2187
1 3938
2173 1143
2405 362
4561 3815
605 4479
324 3764
2080 2721
617 370
958 2549
4156 1120
3858 4528
551 829
3532 3266
1864 2225
1537 4413
142 4433
95 4532
2294 1442
2085 3976
3217 1977
1829 3825
1382 845
2770 2279
963 1836
1501 4716
471 286
3592 1714
102 822
3254 1243
858 3801
232 142
575 866
1207 3496
892 854
2452 2616
626 1847
4423 1244
1285 3084
2233 2517
2002 4627
3527 4036
3553 2570
2182 2407
2166 3239
1303 2177
4894 2890
268 3277
4888 139
153 210
754 1522
1700 3758
3336 4486
430 3944
769 4513
1692 4618
3709 541
4015 2861
24 3926
164 4724
2663 910
3105 2439
980 3386
4464 3975
2008 1510
2595 2926
1412 4582
3880 3977
3394 3455
3928 2676
4833 2278
4663 770
295 2595
1875 4142
2211 3917
2785 2421
4949 1236
2243 1588
2693 2559
1924 4032
2347 846
2604 4624
2983 4703
3460 20
4678 1418
621 4111
1727 2231
483 4452
4962 3225
4410 26
1595 4242
305 2826
1609 1137
3271 1615
120 959
4257 1334
3256 2994
1414 4383
1866 3357
1529 1749
174 1936
1027 1255
4901 1055
212 3621
3384 4251
4306 3649
3874 2790
3339 4052
4631 688
403 4128
4372 4762
1952 2951
3033 215
4900 2725
428 1496
3196 1001
4993 4114
3706 2390
2731 3251
4030 2250
887 3020
335 4224
4995 646
305 3346
2772 3947
2167 27
2924 243
227 4539
2648 1219
2057 790
2296 3386
1671 4692
3814 1633
3692 656
3683 2858
3880 3524
4719 2051
2733 3074
4321 243
2769 1190
1347 4906
1767 3637
364 893
4432 3608
1974 2700
1267 4380
4175 1787
1437 2286
1119 4766
3622 2516
916 19
997 4889
4734 2388
4929 3578
3201 618
1067 4276
4520 2716
573 565
4623 1920
2141 2356
1051 1894
687 3391
1354 524
2874 1248
4401 4501
4661 3088
3946 2649
4121 2872
2850 4810
1320 531
1731 1164
2216 3387
1573 1132
501 2792
799 2809
4400 2458
1735 934
295 1830
3394 275
4660 2986
42 3006
1400 4814
3493 4376
3905 1426
576 839
4104 946
2176 4401
2203 4328
1838 1700
3981 23
2553 3994
4079 4557
2837 1790
3473 2467
4616 3594
2243 4376
2876 532
4393 3494
1181 1492
4370 4461
4354 344
4708 1802
971 3343
172 2020
4094 1696
4562 1809
3936 1097
1108 1504
4335 876
3273 4261
903 4874
554 4928
2305 4115
2243 1164
1989 1455
926 1173
4361 4392
621 2395
2751 1272
1482 2915
2999 4218
3061 3046
3564 2592
4919 2765
2491 928
4033 1130
1209 4475
2254 3230
20 3207
4217 54
129 3208
2959 4988
2913 2623
1548 1089
4615 3698
4953 1680
2365 3391
311 609
1038 4983
1861 714
2570 1395
4703 2199
1065 2492
3162 1131
4496 591
4843 3281
3654 3454
80 3312
2543 338
1108 2642
2418 4024
3023 4652
2520 4611
4054 2717
3186 4054
453 1364
3913 2430
3235 2519
3525 3196
1559 3279
2207 300
4813 3829
1384 2891
80 1524
1344 298
1002 791
1514 255
3988 1449
1271 2933
1059 202
4704 25
3349 4295
2570 1318
1477 3076
276 4116
800 2235
2509 1507
3933 2041
4169 2030
4664 2764
3353 4225
1710 2721
3120 3938
3705 207
3164 4934
142 2898
2201 3000
633 27
641 2472
1209 4895
4431 4214
3654 4045
1980 3155
981 170
2825 3154
3998 4561
3891 2154
4861 803
427 4614
901 4732
3558 3369
727 2187
3963 950
2933 338
1023 2179
3226 4781
4562 2546
1809 3214
367 3612
2655 1122
4427 4012
501 1961
785 3061
3476 1396
449 4628
537 803
4526 214
4560 2336
1474 2929
2582 2697
4830 1137
3847 3655
4524 3810
3337 4882
1540 1046
3213 3491
4581 983
1001 4782
2174 4413
3680 2375
1270 3316
4171 4451
4299 1904
980 3347
2989 4043
1154 1308
453 3802
2971 2246
2949 196
1772 2075
2259 3408
3812 1887
2259 3391
4187 496
2640 360
251 279
1721 717
922 4416
2551 2271
1708 186
2502 2608
1245 1782
1562 4057
1093 2793
4456 4853
3196 4552
4215 989
2446 3408
2936 3928
3252 4696
3799 1831
3907 3217
3697 3856
2591 4399
108 4656
675 2479
48 1637
669 1043
538 2541
733 459
4121 1265
1321 2440
685 1767
1053 2509
752 534
212 1446
2448 454
4720 4973
1537 2225
1331 4740
1864 3427
384 4617
226 554
760 569
556 511
472 3963
4532 4225
4696 2392
4856 2554
3363 1794
2009 4527
790 1502
2215 3049
778 3916
3131 859
2145 546
3900 4811
3784 4981
970 1426
1287 76
4938 3402
4577 1967
2898 1633
196 1368
1773 1259
2481 2179
3770 1385
4713 2252
2473 1111
834 2870
611 2013
2781 2566
611 4708
4212 3237
2941 2799
336 769
503 1330
770 4059
4766 1148
460 4369
1588 2990
4745 3132
3805 2365
226 1633
2979 4885
170 864
4600 1607
2036 4286
4889 3491
2034 1241
1675 3313
1419 4311
3663 3608
4558 3265
3500 3506
4391 4335
1252 2585
4303 3352
1102 2923
2336 1639
1173 3911
1797 3571
2955 1249
1639 557
2308 2754
1539 3522
325 877
2966 555
1609 3278
1738 1262
2581 1117
4473 1588
2227 1607
566 2418
1635 1074
1154 3164
798 4425
4353 2564
1061 3432
3620 3001
4931 2246
3784 1590
2634 1151
3713 3500
4753 1194
4431 4586
1583 1668
1551 1374
1135 3754
672 1552
2120 2882
2695 4778
4200 3177
1053 1303
2424 4803
4053 3731
2550 1053
1621 2627
1892 152
3435 338
4883 2629
1872 1115
965 4805
3978 2327
3555 949
4752 1860
2354 508
4562 4220
2593 2214
427 3161
1835 592
3965 1078
1022 3246
3123 4346
3999 4324
1486 1642
3702 3774
2415 2257
90 759
2127 2514
2293 1473
323 861
3780 842
1304 3640
3649 129
2340 648
662 2566
108 4738
4134 559
4235 3346
4627 26
3724 4893
4042 1972
2145 977
4543 3116
3199 954
3592 3296
4227 2040
1412 3182
3372 2376
4922 2086
4456 4098
2809 3381
2205 3948
375 2216
4508 2142
327 3158
555 2388
335 465
4055 1096
4441 971
2422 4781
4401 4325
4864 4615
2548 1755
2233 2721
4719 3317
2660 2514
1607 2285
1190 3489
3167 3594
4280 2102
73 4160
3707 1587
4762 1667
4356 165
676 2042
4747 197
1975 1847
2095 2259
3231 3872
1063 1681
4800 2049
932 333
4964 759
2056 4064
1488 440
3596 3823
2046 4631
2052 1689
4340 4809
3884 3805
3693 947
16 1602
4758 4825
3393 4925
2969 3006
4575 511
1586 2212
242 4451
1321 2782
4653 3277
276 2205
909 850
574 1527
207 3510
3447 518
1796 85
273 4517
14 3142
2537 635
2286 1137
2377 1972
3431 3723
2383 2495
1260 1764
3580 3550
3193 3504
1306 4681
1989 4838
4404 4524
2597 4801
4085 2240
787 4852
598 926
2419 131
4091 4060
1703 2284
440 620
1224 1894
4843 153
2879 3503
2263 3973
1309 4015
1776 3658
24 4311
3147 4609
3431 2809
3952 2453
1594 884
4800 4368
1188 3715
3548 3751
4553 2458
776 3905
520 447
4524 2372
3772 3407
549 670
2387 805
1329 1167
4735 15
17 2762
4521 3654
1115 413
3107 1538
723 2305
2037 3094
3299 3706
45 2047
1907 804
1369 2465
1384 4377
1875 4447
1310 3873
1439 2381
1915 105
4447 1756
1269 2880
2261 4307
2188 4721
3624 1637
1740 41
3684 3108
1313 87
3615 3402
4047 24
1089 3131
1206 3723
2894 1397
4451 229
1541 3592
4915 4080
4203 442
4243 3985
263 3932
2800 3860
1801 3479
3850 1169
2245 4494
1840 3139
2130 1642
3744 4242
796 4155
759 414
2329 985
1298 3401
464 1495
4702 893
4915 4354
1593 1532
4114 1283
1623 3547
613 8
2485 1420
3573 1985
1736 2744
1567 2453
817 71
1787 599
1495 3313
406 3939
3046 360
678 2563
1799 4611
2308 4231
2003 778
4459 4190
521 1543
4929 895
4627 149
1361 1167
3682 4439
3492 2432
4224 2549
4848 901
3210 3586
1899 763
493 4168
3313 1185
4701 1453
346 284
3544 4652
3265 1228
2822 2585
4229 229
3407 1996
2972 2596
1601 1902
925 3172
1151 4642
3363 289
1144 1573
1039 1386
1790 3000
1523 2359
2114 527
119 794
2990 2967
1801 3727
4582 4450
1764 4484
4937 34
633 4238
1389 2993
1492 4105
4192 54
4294 2948
4243 620
1968 4453
2754 1296
2643 2017
1198 2927
1975 2391
1899 2341
4925 2274
4476 60
2557 4218
1156 3307
402 1060
4030 213
3737 3891
436 393
3116 2049
610 3378
4765 4786
3335 1375
4435 4562
1 2887
662 4204
398 4638
4710 3379
2720 3249
1587 1368
1271 4775
3742 3028
1028 4684
4955 110
2200 1678
3904 661
1455 1687
2068 787
4576 563
2596 2007
923 253
4221 4710
2340 3711
439 4144
4045 1215
4394 2388
3824 157
4320 195
821 3852
4562 319
4914 2792
731 2540
1450 4619
622 512
3401 1125
3404 1401
1743 1153
3612 3499
1265 3510
118 2926
1698 289
3915 4272
838 2151
3054 1270
727 224
2897 1746
2436 3438
4408 2756
99 2854
2244 1712
4922 1548
4540 2609
4390 1862
2126 3772
531 240
64 2768
2851 4217
3981 136
1424 1251
489 3937
4860 2799
25 2656
3449 2369
556 812
2467 900
1995 2515
3913 2294
4900 4723
2846 522
2171 827
3777 2894
3967 430
4662 188
3779 4709
2880 23
1934 1157
97 612
3823 1407
3058 2881
1248 3769
809 2606
404 489
3949 4571
535 1414
2548 1589
446 4053
3421 1359
4357 1589
4600 1213
388 4191
2657 2893
4661 4765
4673 4592
567 3825
2324 2456
1099 3309
4042 2781
3960 1124
4639 226
3013 3556
1497 4799
523 1738
102 1427
582 2205
4742 4024
2093 3791
2160 4791
52 2227
34 3400
2051 930
1752 3726
1399 3084
3846 1829
3491 841
2516 1186
2154 3162
2506 3287
2204 1252
320 2985
4080 3251
1630 2134
4988 4402
2063 1623
4557 2704
4810 3408
295 1285
1313 2464
2853 710
2553 2138
3081 1860
4635 1933
4443 4784
2968 4981
3790 1553
1021 679
3738 3996
4497 751
4101 2034
1945 103
1083 4397
3900 730
4577 4331
1966 3752
3374 2258
1071 4559
3050 395
2871 1989
1544 1314
4014 4334
1820 697
1662 1975
1917 3280
574 4261
1904 1449
4672 3256
4636 1071
3895 4662
3804 3988
2632 1745
2850 2399
3148 4397
2775 4811
4982 3033
4433 3087
4785 3248
44 911
3036 4223
3521 1749
3546 4239
203 4710
3179 4109
1854 775
4394 1255
2674 3812
3222 3089
1614 964
3512 2325
215 3455
3100 4690
1348 4883
497 3655
2002 2540
2595 255
4183 3485
2341 2989
1814 4913
4019 1384
2459 4194
3147 4484
4953 1491
718 3771
4416 3683
1908 3228
370 4037
2305 115
993 600
139 3408
204 165
3657 4552
2167 3711
4854 1475
1976 854
1559 1543
1405 3853
4694 1502
3624 1485
4786 538
837 4862
108 4297
77 1460
3862 4762
4586 3292
3169 0
3760 966
2109 57
1012 3957
377 1613
3232 4406
509 3487
3461 3004
3219 2688
1987 2623
3833 995
1461 1417
2130 1772
4179 2993
4331 3050
963 3658
4990 2681
2411 2288
4594 4748
1643 2322
1286 3883
4561 4324
2339 2089
3308 160
2058 4605
4709 4373
3291 227
2641 2725
1517 2121
457 854
2960 4645
2400 3012
3742 4475
57 4361
4863 4979
1698 18
1764 120
139 2872
878 3198
4543 4820
387 2405
392 1157
2310 1208
4451 2282
2025 4348
192 879
112 2305
1669 982
4322 2212
4013 3807
2299 2211
1963 4503
683 4682
3282 2846
3101 2084
2371 25
4001 4400
976 4119
419 2584
450 3086
4489 2833
3556 3867
1646 446
4956 1635
1566 3028
4614 1026
4350 1396
3423 2550
1759 215
1079 3892
4495 4453
2858 1320
989 416
425 4806
4140 4388
2425 1576
922 4480
4435 3485
3081 3091
3174 1383
4062 3297
2853 3877
1460 3918
3721 534
3326 3133
4615 1194
102 2049
4755 4754
4084 805
3615 4592
3656 1845
928 1797
3657 4225
2541 3033
460 3554
3160 3699
903 4761
1463 4306
313 3895
1424 4251
1880 3825
335 3367
471 195
980 2965
3676 393
2773 4143
196 929
1315 3035
2526 2582
4684 4866
2873 3162
3132 4790
4564 3327
4242 3823
70 620
546 4979
1754 4329
55 3370
72 708
4521 3209
1936 214
2956 4267
4723 3021
2204 1823
1739 1556
2389 209
4854 44
4075 1035
4669 2198
1035 1653
319 4672
2103 2611
980 2932
4990 4218
4974 4888
4637 2503
270 3678
2074 2732
1870 3225
4938 3598
1295 420
2028 3957
3151 4490
3537 4718
3859 1844
2356 3196
728 710
2676 4162
3899 1181
2285 4979
1787 3211
215 275
1021 2057
1379 1329
1022 989
3124 3964
1294 1809
3318 1126
377 4426
4323 3863
2265 378
564 1206
1828 932
481 3455
2558 455
2830 1235
373 4448
2404 2079
4090 818
2159 2755
3977 3728
2313 3044
2056 1759
4295 3347
2923 2510
3002 4565
1004 650
3505 3187
4411 3257
2263 3721
336 2569
1444 4169
1219 3283
3803 1944
4288 792
532 1251
1125 3487
3496 1726
1708 90
4219 4623
2600 1922
3190 402
1900 3580
4000 2853
753 502
3276 1237
1746 2316
553 60
3496 246
1613 4049
4519 1589
3866 2648
3413 4360
4661 1344
1212 42
4557 2457
1576 237
3373 702
3918 364
3824 2052
119 2540
4016 2367
3789 2751
3567 3565
4842 111
2095 4029
2001 2649
1152 3970
1876 1242
4338 4100
2611 889
2386 2623
4996 3259
4514 2995
400 4565
601 47
2396 2476
3509 2037
2350 1297
169 1237
776 4182
2799 902
4343 2363
3411 997
3762 570
254 985
2927 629
1057 3617
4409 4745
4963 3275
3436 2248
4537 601
4578 125
535 4745
4663 300
3124 2671
297 2358
304 286
4790 4291
3916 4765
3010 2648
3944 2036
2984 1753
4187 3613
1941 2744
196 3721
818 230
923 2205
685 143
3283 4868
2533 379
4207 4820
1781 1340
1702 3299
1739 4549
4792 2968
4055 3651
4769 2416
1495 3808
2598 2743
4524 2606
726 1397
3669 374
4965 3413
2644 1419
1819 4886
466 775
675 2035
1647 3073
3408 4876
3791 2495
62 4632
3347 3442
1743 2424
4982 3239
4977 2549
54 2478
1628 1061
4726 916
2431 1980
1892 3225
1682 4060
2452 1548
317 2614
404 4053
4110 1658
3331 4613
549 4979
1560 1743
4083 3159
805 2668
2495 3786
3103 1744
752 1686
3766 4755
4055 4192
3406 4813
4127 3497
805 3852
1917 854
1477 4694
1555 2070
2649 1706
4476 1134
3547 4845
2408 2144
2743 3683
1983 806
1313 1651
2047 977
2253 4012
2720 2709
2341 2546
1635 4198
1068 1758
4765 4968
2070 3631
292 2122
602 4201
276 2404
3174 3499
3760 3374
389 4840
4693 4461
2198 4928
2662 4746
224 2546
4432 1360
1918 2522
12 4007
1350 501
4691 2210
3576 2448
1088 2474
4394 3071
3657 3120
3351 3400
2987 837
1598 3713
4086 4521
595 703
1259 2883
1320 3017
969 1868
4981 2660
3954 4170
2708 2739
2760 1229
1988 2235
582 3087
2070 1712
3956 3199
3946 4240
4994 1905
3464 4661
3762 4977
2746 3527
2097 1651
4240 3657
3273 4369
2015 1815
4033 1910
3826 3921
1654 3214
3263 1283
464 919
4376 88
1112 2005
1541 4832
1417 2864
2259 1814
1229 275
2871 1008
1518 2246
4213 4234
977 2793
4392 3062
3082 1218
347 722
4060 208
4637 2408
4729 1020
954 2230
1109 1293
4990 1673
4251 3436
2425 3897
4689 157
2758 664
3346 3171
3373 3067
2291 4991
2949 1313
1068 2154
1041 2826
56 197
3586 2774
187 4310
1317 1022
3477 1240
1862 1392
3360 1561
4947 3972
2960 1607
2032 2048
2203 200
4251 3588
1465 2826
1880 1940
4402 1525
2149 3425
3501 4764
1811 2325
3641 4045
2744 609
4278 1504
3189 3209
455 2142
2032 4999
257 1293
1640 1063
2114 2143
4818 4749
926 524
4204 2499
3416 4339
2265 433
3237 783
2063 927
857 3461
2850 1026
4701 4566
2253 794
3382 1657
2414 877
3183 4350
3772 2853
3971 855
3198 3129
2942 2679
3780 3106
878 599
2662 1626
1284 726
3749 2575
4842 3610
488 3429
147 765
889 2964
1188 3896
1378 4673
241 31
2238 849
4534 3563
4421 1017
140 3632
2608 3070
3046 3489
2597 330
4947 4700
1376 3425
3502 25
1521 2248
4806 3095
1222 4336
3022 4517
265 1226
1337 609
2963 4164
4817 3088
2926 1951
4726 599
3675 65
2238 2516
1849 222
1524 4474
4184 1797
731 3424
4679 4633
1185 3612
1970 4920
4722 753
2303 1461
3287 2321
4616 3662
2754 1558
1814 1420
2188 4259
1102 258
4836 1531
2752 4646
1936 1860
3373 3511
3661 142
3132 2624
3934 1588
4076 2858
1398 543
2922 2483
1772 4124
2583 4858
271 3558
611 2194
1779 310
3074 1703
3788 987
4805 2879
4286 2960
2993 741
2556 695
4467 4577
3796 3043
2880 131
4875 2333
1176 2331
3230 560
1354 3026
905 3480
1244 4585
3233 383
4694 1698
4096 480
74 123
4578 3780
3579 2040
1931 4228
3485 1184
4224 181
3983 1713
4735 2372
2050 855
4839 4412
4862 2862
3418 1548
2520 2891
1593 606
4046 156
3548 1030
2373 4890
3119 1691
2000 2695
2421 1370
3188 1642
478 4754
3538 823
1123 1114
2452 4895
4468 1420
2810 1247
837 2463
1427 4298
2580 2912
2346 1796
3389 4400
1354 4598
674 3956
4912 1826
1487 593
1279 3976
800 4938
4873 2775
2985 1948
2003 2981
4107 3207
4560 962
3772 3163
4576 4540
4825 1396
2040 3661
3654 4516
4463 2992
2951 1633
102 646
2463 2134
4370 1105
3418 2530
465 497
3814 3294
225 2546
2031 3569
3599 1054
3554 1850
4781 2001
1905 2182
4622 1523
1198 60
1475 2937
3412 1295
2693 233
3868 3467
2509 3162
4108 2027
868 4995
1264 1012
3835 351
4881 4634
1125 953
4781 2331
546 2852
2236 4780
3666 2073
2336 337
4460 2941
1142 4673
1341 80
3503 350
3561 4521
453 3571
2698 545
609 4182
4171 2747
3478 2755
304 234
927 3042
3225 2774
2864 3749
1959 72
2722 1716
2888 3360
2224 3162
1534 901
2514 3739
650 4879
31 918
1966 1273
2646 1006
4462 1987
3979 2873
984 3678
4769 3723
357 4968
1843 1494
3214 2885
1813 3201
1607 1930
1744 4526
1210 1946
1186 4347
1333 2033
2411 542
3961 1441
743 3945
2369 677
4689 3496
942 798
3336 891
3238 4960
3527 4274
4597 4790
4522 472
3391 2066
970 2494
512 815
476 3827
1974 4015
24 360
1409 4240
2896 4514
2781 2290
4335 1256
1883 2360
3211 4701
4579 4344
1390 2220
1539 2674
2018 2550
1597 1656
4345 920
1229 1572
1798 2791
4400 2441
1016 3019
1402 1338
3641 3407
1567 4644
2480 3799
1418 3000
3531 2682
4694 3867
3318 387
365 3054
4363 3426
471 4552
1415 1633
4516 1050
3561 1461
4669 2305
1753 3769
3502 2768
758 2732
1384 4599
1007 3392
3279 4019
1016 1389
4292 990
556 1745
2465 4116
892 1703
3969 4541
1483 1270
4774 1420
3692 567
943 2031
994 96
3121 4308
4643 1102
313 3125
235 3587
1614 4556
3470 1802
52 322
1972 118
4370 196
2064 321
3824 1637
3595 891
535 3614
4955 2094
2072 2167
1452 1932
1439 250
854 2773
3978 1760
1363 4818
345 206
1093 1087
596 4974
4728 4935
4715 2347
383 4733
4028 1146
2548 2641
964 3665
2351 2768
1488 1797
3411 176
4833 2800
590 1522
1059 3689
583 1358
2923 4658
734 463
2838 3833
4100 3910
4444 3597
1488 599
4956 4700
3584 2489
3363 2676
1403 1495
2847 3797
3685 1114
4439 4193
4485 4780
2897 4898
370 2341
3528 2262
1789 3808
1597 3972
2403 4058
1620 1456
19 919
1353 4651
4330 3386
437 632
4741 4162
4816 4087
1525 428
813 2051
3521 412
4852 271
64 2730
4508 1456
3843 2297
387 604
4010 2166
4349 2652
1970 4311
2365 164
1192 235
3745 4901
134 3531
3347 3382
3441 708
3268 2683
21 3488
1367 4012
1814 2209
1254 2632
4889 76
1997 2137
263 3964
908 2554
2421 1753
2667 4427
2580 1743
501 3269
4911 4122
4451 3015
926 3782
67 4626
3445 2820
2172 4256
3422 4345
4594 1881
1279 2883
682 614
4822 1674
3415 1920
954 2819
4121 3858
331 4939
2001 4681
2985 3372
4108 3455
846 4655
3668 2552
4774 3508
4428 270
1966 1409
2266 3932
3664 1605
2498 1926
1754 1805
416 2403
1740 64
4364 2499
1870 1774
2173 3977
4740 583
2780 3567
4686 4006
3922 2388
1217 2970
2961 1047
2395 1700
448 3113
4517 124
2079 3376
4732 4919
727 3075
1340 3321
1412 2003
4930 3415
1022 4762
3110 1050
3795 301
176 2732
3349 30
4601 1019
3481 2641
2531 743
4550 2375
265 1564
1278 312
1893 4594
493 3425
618 70
4944 1393
4780 2788
3565 3200
3544 301
3372 417
4396 679
2898 1119
2338 2651
3167 3999
336 4065
1087 2451
1526 4193
4439 3365
2034 632
71 4916
1429 2294
1108 693
935 4036
2203 3068
3109 3353
4850 4014
553 1824
1722 3599
1029 3929
2765 395
1737 2307
155 1956
61 3046
2214 4110
2532 207
1405 4895
1635 2064
240 3054
1079 219
3446 4220
2542 1710
4668 1896
1424 4139
4592 4608
830 2317
794 2924
4814 2423
1007 2566
3973 1204
49 2040
3674 2569
563 3672
1970 496
34 3127
311 1475
2880 1690
1033 2773
3847 4240
1019 1758
1650 2924
434 2038
1708 2989
2245 2353
4802 1156
2852 2305
3617 2060
536 3479
2129 2796
2702 4411
2837 3723
56 2390
2808 137
4299 234
935 2910
869 3598
4000 427
855 596
3689 2326
3076 3620
3937 4523
2978 625
1063 918
1893 24
2933 1683
2314 143
4993 3283
432 1584
3025 3460
181 566
3648 3895
1816 4035
1937 4292
3295 4856
846 3951
3891 4830
3831 4667
4257 3250
1881 2704
1529 329
2557 4522
4186 2608
2936 587
2936 755
2303 2387
4340 3769
1008 3629
3306 2498
3703 2947
3378 2826
2970 3057
2280 3487
3997 408
1678 2286
478 2924
938 1142
3824 2800
609 3601
3550 2174
574 875
287 320
4148 1177
4113 4924
4621 291
3914 1895
1031 305
1533 1590
4550 4869
4826 642
2259 164
2826 157
2624 2366
2644 2743
4597 2870
1002 2205
4438 1636
4366 3726
3019 2530
1165 4439
4376 3447
3097 3528
2906 1803
3868 2945
830 4339
2949 2992
2352 2307
712 3048
4624 2363
3869 3845
4023 465
3219 1281
4196 87
2503 3846
3093 663
1495 4955
3163 4673
518 870
4350 4700
4848 4375
523 2171
3362 189
598 3378
1419 3651
3768 840
1415 1984
3019 2086
4215 3895
796 120
4769 356
3162 4763
3611 3386
1525 3203
3750 2083
2228 3496
709 652
2501 3674
756 3713
611 3762
642 1623
3611 2932
4108 1152
2184 1713
2864 1362
3236 3432
740 2999
1031 4420
1506 2579
3560 2013
4057 383
2364 2263
2113 93
1011 2184
2109 4365
3556 530
4838 1138
3000 359
1597 1911
3650 4491
3139 476
3166 714
2005 593
1742 3957
1130 1515
4388 3103
1809 2118
536 1967
2362 4754
1178 1314
1860 2883
3438 1038
373 2685
2859 2791
2732 352
435 4583
2592 3797
1230 2120
4781 598
7 377
3273 4773
4366 2815
2180 2707
4163 1673
3795 904
1998 1769
4478 2976
348 1115
2584 3501
3089 417
1272 4957
2034 4360
3228 2170
4720 625
672 4750
2463 4572
538 4074
3435 444
625 2801
207 4238
3389 1096
43 1617
586 4273
2869 790
2899 3602
3338 3745
4379 3497
687 4634
4627 818
818 1902
3621 3100
3180 1188
3395 4102
34 114
3669 3194
574 3554
3321 3064
4999 3405
4171 1001
3045 3498
1004 3785
1620 609
2112 2074
2841 4516
46 1175
2280 1657
1000 1984
1742 4598
2018 2042
4477 4780
4612 3330
3405 1005
331 3782
3590 718
2130 2253
36 4223
2363 2829
1910 495
4700 628
4863 1809
2139 2656
3064 3478
1976 1703
4983 838
448 4295
3114 4503
1477 1274
3555 538
4541 4115
488 1815
1996 570
342 19
973 1943
3225 4497
4900 3091
1371 2473
4407 3986
21 2306
3591 4131
110 79
1082 421
378 69
2767 3588
1013 2225
2534 2843
4217 2826
2399 1889
1266 4411
4528 1766
4960 4493
2557 3698
3976 2040
215 2828
4496 3034
1481 3941
521 2380
1459 1041
2831 2866
969 2968
242 1056
703 76
1141 1391
4896 3086
1628 3522
1139 3438
404 1673
2289 2237
1268 592
892 1571
4471 245
1210 584
4207 1553
2826 709
3749 4469
4238 4062
3340 4398
1103 111
3384 4229
3830 4918
3837 4162
4044 3453
4527 4884
4179 4212
495 1845
285 1278
1885 650
1731 1557
3087 445
4804 3286
2730 3768
4557 3037
3114 1137
2193 2021
4930 1409
4896 4292
379 177
4144 3117
4007 2923
4443 1277
1466 3130
2127 3362
1316 2496
3302 4207
3123 159
131 2935
4821 1367
1150 919
1007 2775
3618 2532
3863 362
388 2851
1721 1946
1380 2960
2202 633
4097 2330
2199 1480
4389 3355
2796 530
3913 4454
3782 823
270 2277
939 4317
1813 4493
3798 2826
1268 480
161 4224
1178 3807
4497 3402
3194 1906
1619 184
1969 3346
1097 2008
1418 2106
3413 4460
1282 1174
3350 1060
4669 4527
341 1186
3505 1569
3380 215
3909 4690
3829 1048
1492 1880
2640 4920
2052 875
4662 2494
2117 2977
3108 2472
2261 2271
3660 3339
3566 271
1353 338
1242 1110
4740 4396
3433 1366
402 3278
2662 2217
4071 3376
2273 943
650 1560
4059 4441
2292 2808
1941 4290
2541 4704
4440 385
3272 3678
1140 1202
4884 2623
2919 4776
4460 1816
1333 1459
3070 989
2796 3867
2206 1794
394 1856
4955 4954
900 2882
4974 1109
4876 4365
3010 3923
3242 786
2142 4321
3148 548
2839 444
2677 4758
275 3941
3943 3516
4946 2375
3280 4198
4529 305
4927 673
3624 1828
2897 4987
1288 1322
4733 3116
3712 1357
4144 1734
2309 4131
1671 3225
12 1465
2346 4467
1399 3943
1968 418
4733 1136
229 4493
1242 460
2856 2204
4882 1295
2748 2022
2480 1041
3800 1754
2563 2776
3265 3143
3959 276
443 1828
3902 1038
475 1369
2906 2088
1518 1903
2796 4605
3307 4479
3611 797
630 1335
2750 1339
1705 3502
2887 4509
3365 2087
2177 3379
1195 3956
518 4304
3708 2747
4856 4974
3560 2416
1419 4192
1541 4733
505 4607
1698 2676
3918 45
44 534
4675 230
1079 2277
149 3662
4979 103
751 3747
2254 2114
217 109
4990 489
2718 1557
1412 3035
3847 2384
1497 1910
1331 3127
3186 2932
1984 741
2097 3919
1826 2024
3163 123
2659 2073
2801 551
233 1889
3517 4564
313 3112
3706 3181
1251 4649
1344 3556
3455 4760
478 1958
3712 4632
541 1393
3812 942
360 73
943 4724
1699 4992
3431 231
1275 4530
821 1392
2747 962
2623 381
3402 1343
3517 1954
360 2262
1303 3767
521 2554
3581 1064
2832 1986
3905 4334
4448 1767
4711 4238
2771 3890
4838 1348
375 4806
196 4162
784 2464
1969 212
1676 3427
3096 2316
2504 1266
1077 295
3265 3146
2907 4138
539 634
797 4882
4831 1504
2139 1574
2082 1079
3384 497
455 4415
4986 436
1158 1683
4602 389
4171 3673
1456 4814
306 4500
3552 88
1562 1197
377 3715
1055 4527
612 1439
810 4529
869 3240
1344 3633
150 43
551 1258
821 2623
3907 1996
1779 842
3276 2330
814 4292
4266 3317
493 764
4538 660
3984 1875
3242 2599
4852 1748
4441 1075
2017 2488
3120 1404
4404 3977
4224 1119
3756 1435
1 203
1314 2063
3924 4814
2675 2730
2514 3741
2339 4655
2459 1379
2001 2676
662 2533
632 3226
916 4311
4340 582
2033 2145
1116 3072
2370 3078
2230 2001
1257 134
239 2069
1632 2313
2224 1487
2773 1376
1011 1006
475 2642
1180 2018
4367 3855
325 175
1269 2395
2976 4417
3473 4450
3864 3217
3391 4953
3773 2074
431 1199
3784 4832
4781 304
1528 2320
3298 1184
2600 1523
3418 2213
3595 267
2086 637
2180 32
3227 4719
10 2586
342 2379
548 2782
238 4559
3019 4742
4736 837
2704 4069
4669 2816
926 3107
4676 4588
1242 2495
3283 1195
4365 1313
1044 2233
3451 4261
274 87
3685 4458
1865 2937
4242 745
4010 1217
2552 3468
3523 2440
2807 1926
868 1755
4414 2263
1507 1263
1667 365
3927 2632
730 4621
4535 3275
1534 4940
1074 4165
2867 894
3507 4540
3031 3439
3790 1265
577 404
4240 2451
505 509
4887 4162
4227 3645
4535 3473
2646 4207
4452 1460
1118 2164
2924 3220
2418 3474
3282 1951
3611 1105
3913 830
1840 3949
2856 4573
1583 3809
1332 4715
3135 2538
583 483
1889 33
4752 634
3544 2423
253 430
4250 4524
2309 136
4574 1270
1694 3198
156 236
2694 619
688 80
859 1847
4088 829
1793 3390
2462 2754
2028 4713
2811 301
135 2551
3140 2959
2966 4045
4165 351
3698 2981
2117 746
416 4751
396 650
2776 2600
3218 3458
836 3110
959 1034
795 1881
2186 4804
4326 2677
4467 404
1743 3612
4685 818
2366 4045
288 1374
1609 4010
1296 92
1105 2633
1506 2877
4803 356
1111 2425
4230 3064
2801 639
3238 3755
3101 346
2178 2790
2089 4645
4549 2180
1225 3097
4244 14
345 2986
