1000
1.5
84.5786508263
86.6220293173
85.233986775
84.7298733431
83.9213888299
84.4442499698
84.941088806
86.4974639257
84.4249136819
87.2076153601
85.6176976956
84.2032670358
84.9774032736
86.6117756519
86.8960881327
87.3008782299
84.8296107968
85.1765720627
85.9717675509
84.6424411852
87.2368026569
86.8659471562
85.4666467689
86.6994430359
86.0105187776
84.7424345742
84.9159969414
85.9069815565
83.9192719103
85.9319861343
85.4664769494
84.8466215746
84.9692705359
85.1846941757
84.7697594617
85.0738402848
84.1870938811
86.4408227739
86.4327181563
86.5089624635
87.3239213961
85.6328230868
85.5221432965
85.396200003
84.8144029771
85.6468072579
86.322347928
85.894978283
85.0325478736
84.5448075382
86.5764951349
84.0387074578
84.6917927682
84.0747963758
84.425864682
84.8333472535
86.9412453314
86.3938561129
85.1883684853
84.9352790651
85.726056942
84.7597687453
85.8234894878
85.8080610251
84.2587190268
84.9438536891
86.4918094206
86.3739033599
84.5988287248
85.5870792284
84.8047389844
85.1015973094
85.2411911919
84.054402067
84.1587325396
87.2415769192
85.2683514132
87.1487132592
83.9442176792
85.6841113955
87.3377246356
87.1636187527
86.4377891158
86.5749226844
85.382950425
84.6449022362
85.1827572297
84.4192621243
85.6278524606
85.4271572201
85.1679560732
86.0947829719
86.9767501721
86.516322165
86.7598232756
85.9847096434
85.3185240234
87.2259026308
84.4728076554
86.4523713565
84.5948156065
85.3144007025
86.9954217886
84.3257239436
85.4574765501
86.7586830611
86.9504314682
86.6133323309
84.0755373737
85.4782807298
84.6737769258
85.3207721086
84.1187730338
85.0338762633
85.0551254675
86.032505381
85.5686899437
85.9344572203
86.9045151563
84.1219894804
84.970996009
86.2520511839
85.9531456165
84.4854250057
86.272325755
85.2841979313
86.1607121114
85.576269691
84.5380645585
84.0080918997
86.6782460616
84.0048010058
87.0081082949
84.4454967245
84.471924413
84.3753696372
84.3371484849
87.2874037333
85.0605963832
84.5148213819
86.7760302727
85.0907566201
86.4090506022
84.5606492473
84.7591363786
86.2772369707
84.8274611948
86.5088939598
86.4893634326
84.8677314926
86.9861156054
85.9727914655
85.4544833285
85.4479326517
85.886721836
85.7546162587
85.7316513733
84.6993721623
85.3661826326
86.4976176977
84.3557798616
85.6668635586
84.6161086328
84.539223486
84.4434342814
84.2915475189
84.2623473425
85.449650525
83.9425747079
85.5320721391
85.1555280263
84.5904997978
87.2290095544
86.7427366364
85.4550912419
85.2656527994
84.512023934
85.5794821446
84.6888582075
84.8074576702
87.0372007836
86.7438089014
85.1186892762
87.0149978532
84.2000527101
86.537076705
86.1055222018
84.0632041692
87.2917876359
85.5876997757
86.5004355445
85.7012320842
85.3055908813
84.1361235948
87.0825222985
86.0850812027
84.5469138328
85.1104509427
86.6795371662
86.8914537695
85.4651977548
85.3577656289
85.8451960992
85.0715071471
84.9720013361
85.3164642551
85.5145347029
86.0706617695
85.0457997555
84.0786141595
84.8506889149
87.1437051735
85.4743433828
86.0237165504
86.143538093
87.101902718
86.3900180213
85.5880903237
85.9834200187
85.1824620808
85.3790992572
84.2825875146
85.5380827338
85.5466315833
84.6423851983
85.0079556715
84.4167947489
84.0370792283
85.6270736337
86.7079632
85.5976399253
87.3023673196
84.936294376
84.1333108588
85.9895662781
86.4497815647
85.3187562612
85.6276828337
85.8782256062
85.6433925555
84.4508680712
85.5172915593
84.2000239098
84.7692155457
87.1598926836
84.4596811434
86.5110860681
86.8197785575
85.6653680437
86.0383422426
86.3246824589
86.2319564966
86.6648507059
84.2513964266
85.9710274161
85.7128464888
86.3449195193
84.0523573424
86.7429565485
84.0407556698
84.8151688477
85.9395554835
85.4345776714
87.1495841236
86.1911695715
87.0014760295
86.4522031078
86.3478305227
85.8855506793
84.3456079494
85.0011012267
86.1045486932
84.7873246864
84.5747729239
86.9724067186
84.3004087533
84.2152036188
84.3358448792
87.2484292825
86.6452092468
86.3437083653
85.64398527
86.9683116358
84.0819186457
86.75159524
85.4675888062
84.9542040856
84.2836724393
85.8663718278
86.0075224233
84.5805234152
84.161951101
87.3091426424
85.6574414793
86.4275018367
85.2850551877
84.5011271921
86.3911732151
86.3354016061
85.9797461766
86.7553361924
84.5347452859
85.5925348174
85.4772567373
86.2272948309
87.1639124714
85.3586431582
85.4838183472
85.1925632936
85.3572402898
86.5905416908
86.3743007303
85.0380065732
85.7282835526
87.3274690609
84.0115109242
86.5997410013
87.3295705997
84.5730809089
84.9359710688
85.9118311631
85.4313249185
87.0853239307
85.2652803451
85.285715963
87.1357200773
87.0374039608
86.9758581269
86.1276573524
84.739494603
86.737519678
84.7504833992
85.6873989183
84.2109548306
87.0198754144
85.2810890079
85.4529226326
86.6105979926
84.3068087856
85.8141292943
84.792764951
86.2298373061
86.8413355931
84.1034315175
85.4363374843
87.1987978861
84.7126569851
86.1956879024
84.588107816
86.7086815022
85.1663689242
84.0773024729
87.3352351258
84.9788980743
85.5051947159
85.84659877
84.4572850019
86.1262670606
86.1076750402
84.4865616288
85.3375138784
86.798894215
87.0105095854
84.2955344622
86.1795435423
83.9669018078
86.1601587641
86.8257312154
84.8097064349
83.9499482206
86.0268959665
84.7212557304
84.7173826237
86.5677719274
84.6186828795
86.139026312
85.9041492218
86.9508286097
86.2747167904
85.694900851
85.6375265043
86.3872171329
86.7693313644
83.9306845821
85.5749448874
84.5417893086
87.104570719
84.0699969482
85.5924490333
86.8740348576
86.3763117218
86.6706797642
85.3033235766
87.0040665765
85.6781740862
85.7424582379
84.7723414821
85.8550491912
84.0222176682
85.7340519272
85.351158958
84.9309214988
84.8863979298
85.8111455841
85.145877141
84.266340825
85.3008104258
85.1317905397
85.5633175231
85.5824408625
85.587726754
86.0229327624
85.0882374567
84.2997637934
83.9224767615
85.8736552483
86.6055838664
84.7138507182
85.0944732208
86.9772279671
85.6774661557
84.1193044222
85.1317078405
86.6234078549
84.6467643084
85.6393555303
86.5415928748
84.6208840059
85.2938174369
86.9294562999
84.3723653469
84.1644976434
84.6854394992
85.7043082715
84.082262973
85.5383929792
85.6469047899
85.2696362188
87.2242934503
87.0584355911
85.519435235
84.888908677
85.5851153786
87.222150459
84.9226128329
87.1204850068
84.5138504001
84.0327459859
86.8096058713
86.3669741553
85.593437501
86.3651898373
85.3714893938
86.1309070261
86.3262090925
85.8016622789
86.1568818134
83.9664287035
86.4031870027
85.1990586811
86.048410502
85.9674406234
85.3961988878
85.299128027
86.6850549454
85.5196902066
86.4078853197
85.6479456119
85.0100480807
86.9107245157
84.7596912787
86.2753896945
85.7361076083
84.9098187353
86.8973267184
84.623110962
86.8172862759
84.7591994963
85.6700572015
86.3424841588
86.7521981098
84.7917030325
86.5489607364
86.669046556
85.880328669
85.6899516611
84.5214661998
84.3791719128
86.4072910491
86.1030523685
86.5274803033
86.6375136397
84.0334406774
85.1122904717
84.2880909992
84.8705744659
86.7437570146
84.4746275564
84.9267485839
86.8186683199
84.5576088773
85.9735828968
87.2410564827
84.5689027087
85.6260142999
84.8461518875
85.9773240208
86.4484157407
84.5013039208
85.3983496843
86.2333885569
84.0700221242
84.4846489485
86.8063651268
84.0381378278
86.3156937556
84.4241509964
84.3334081778
84.1498272668
85.98553863
84.3354934304
86.9229566651
85.7162507231
86.0157390015
87.0279292481
86.2616258125
86.3517072009
84.7419356758
84.2167257311
84.848773514
85.8453730427
85.5755620386
85.0345168461
84.9436524561
86.9720629929
86.843681521
86.6034780325
87.0182970425
84.0300414034
86.2852426709
84.7567289972
84.090246301
86.1164220128
87.188741886
86.8738646931
86.466565492
87.0118680646
86.0459185595
84.6893229762
84.4815935684
85.3981392064
85.436073566
86.7263677968
85.0907938097
83.9484514392
85.2124692897
86.8742215044
84.4878981788
84.2190637293
86.8037497597
87.2377802046
86.0607333776
85.1332021204
86.2472976978
86.935962017
85.5817930976
84.8543349517
87.3129276229
85.7904558154
84.1487331478
86.3280580945
87.2187030305
85.8314487105
84.0138420779
86.4116070838
85.6800711281
86.6014127174
86.5550856391
83.9984261983
84.8103565409
84.9260665307
84.6598067535
84.9169945759
85.5028782716
86.5696723842
84.7639587411
84.991674203
84.0452344189
86.6255577102
87.1147170676
83.9542808545
84.9299486925
85.3740243951
85.47428341
85.2191509859
86.5651914316
84.0315886179
86.3305814763
85.8263331436
86.3059805549
87.1729254521
85.0510610182
86.299790377
86.9299249501
84.6019251561
86.8447424865
84.301139622
84.9617151336
87.0665774454
86.505399108
84.6998223877
85.9551881075
84.9062629879
87.1257220152
84.0412250783
84.6131494698
84.5561804034
85.0326403666
84.3818296909
86.9113033323
85.1297038847
84.0645834083
86.7985050092
85.9932436764
84.8365766536
86.2234940533
85.3614669643
86.1279307131
86.9071673896
84.3487273901
86.6655805627
84.240521327
84.6739247866
84.9849289282
86.4281177225
85.8374772954
85.3751603694
85.506308401
84.0817668196
86.6729141975
86.801272897
85.1968079275
83.9628532264
85.2370653401
85.0261922835
86.9423435649
87.2035010183
83.9282713788
86.8330856803
87.1056693245
86.3139000689
86.4018214138
86.4518532828
84.4877883176
85.2768824225
83.974495277
84.8343423311
86.7202024125
86.1615414287
85.8803075534
86.3385204379
85.9678582452
85.8078613242
87.2215125712
85.8129496172
86.9486946187
84.1737326579
84.3598890638
86.7157285853
84.6979236059
84.6302795572
86.9879774101
86.1729115696
84.1402003719
84.0929731627
87.1474507424
85.6494815311
84.3927067819
86.8897505714
86.4638578386
85.7311464901
86.1302409665
86.20814638
85.0129575008
85.5783401928
84.3447818227
86.5407634497
86.1331619385
84.6915393303
86.4566267551
84.4811960021
85.7295784901
85.3909762025
86.3569143834
84.2452743768
85.8280031547
86.358008626
85.3114938258
85.6147472321
86.4902923027
84.6794047775
86.6829425741
85.6760491734
86.2657528781
86.3628050945
84.9824015307
85.8893661531
86.326671741
85.649191867
84.210900877
85.6115317
84.4955203871
85.1733350358
86.1514424433
87.2846859142
87.0158075419
84.8636974453
86.7833544945
85.5887179702
83.9308159521
86.5148762406
85.5337709894
86.2991410588
86.6898884157
85.600810785
86.2261007704
83.927538401
84.5876816547
83.9317596679
84.4871813151
84.5264021929
84.4524169053
87.1800330886
85.8213216367
84.8027733002
85.9634719961
86.4708970256
85.5627533843
86.2271837071
84.8342101555
83.9351152941
86.6820834206
86.3564100518
87.2058898029
86.0187062387
86.9639583124
84.6886686936
86.3373068056
86.1495814705
85.1264407449
85.0022246212
84.6243406687
84.8240257138
85.6828589876
86.9742959101
86.5184992638
84.3960746609
84.6862057537
84.7480470654
86.4000451865
86.9016142455
85.4022266883
87.0271618984
86.3102474862
86.1452680051
85.310014677
85.2135525076
85.349542025
86.3262316402
86.8035499278
86.7178143608
85.831740839
85.1337600658
85.3978872526
85.9009206155
86.0505412296
86.4324916281
86.2374338263
86.6216762726
87.0200075839
85.3098411065
84.5686624527
86.2530080813
86.9135572745
85.4042390866
86.2748147972
85.0946387302
86.1961033661
84.4583242705
86.0733853738
84.3399196881
84.7423337283
87.2290181908
85.1812710474
84.5459510273
86.994456134
85.4446003487
84.3771298916
85.9553165683
86.3742455568
84.9640802478
85.7967129281
85.143802771
85.0009657982
87.107795035
85.7238929712
86.1440283001
86.0335334011
86.0031466355
86.4781194333
84.5394602009
86.1833283517
85.537245683
87.0166990424
85.9156481339
85.350348815
85.0284144772
84.7536674361
86.4342242762
86.5793172139
86.1549881291
86.422513254
86.4687528462
86.6532511408
85.8912992859
84.7106867789
84.9153960062
85.7554353982
86.5354626167
85.046746709
85.3412311458
85.1430796189
85.197571897
84.3076897272
84.8396230483
87.3179255756
85.7485825898
85.050868868
84.5937653309
84.3793667247
84.590334995
85.0427012355
86.8235593688
84.9114870089
86.7702578464
85.4377408257
84.7578751843
85.3412856963
86.4834001736
84.578351957
85.1705008584
85.7343708293
86.7011257946
85.4233733809
85.2824179808
84.1319288752
85.2713728987
87.2811065058
86.5566986706
86.2365790135
85.6408174124
84.728794928
86.5973510385
84.7801446496
86.5078087322
84.7882132682
85.1937160987
85.7606916219
84.9280743442
84.2500001525
85.2504010287
86.7134529285
86.3469484578
86.8824429826
85.7577798881
86.327060894
86.8075138496
84.8304682964
86.2135630716
84.885192706
84.917772652
86.3237056358
85.64736323
86.1003859375
87.2542866888
85.4562557681
85.1009475802
84.274636972
84.8461651163
84.140008712
84.0860653069
84.1490507139
83.9916097101
84.124108504
86.049249627
84.7599457551
85.8044131985
87.1997468906
85.1941202903
86.4672368394
84.5921905646
85.7791146833
86.0967929132
84.6665123652
85.164704134
86.2513511912
86.6796068296
85.7140166487
86.5143113661
87.2092885377
85.8913001501
85.8411810844
87.1069033954
87.2653405631
86.3673810206
86.6857498023
86.8361451155
86.828956951
85.7293252775
86.9902205358
84.9068386627
87.2619150309
85.4637242638
86.1485329104
85.5618653173
85.9189999302
84.9063270808
84.4778767971
86.4332763526
84.3114500117
86.7894754869
85.5725340835
86.9690336383
86.2363252786
84.9772594314
85.3254607426
85.9575639333
85.3323900208
84.4331112143
86.5038016255
86.7712878814
85.0449032395
86.2176407744
86.5005402421
86.3429711533
87.2701384043
84.5707911386
87.0197482577
84.8291414208
84.6344522093
86.4182155944
86.9372937343
84.0424163446
86.2263550696
85.7797623791
86.2610289854
87.2698781885
84.1436121532
85.3882003421
84.7827450622
86.4680636642
85.2929407918
84.5976174954
87.2615876634
86.0773633072
87.2628105206
84.7329604982
86.2664345692
86.4953124786
87.3098223598
86.4284538107
84.6692066403
85.1016197673
86.6995934746
86.5674826153
86.4915126245
86.2743123091
87.1485758551
86.5226417362
85.7995533913
83.9794191388
85.0429771491
85.8344878039
85.3825721427
84.9388733668
85.3540498052
85.6106789244
87.0594733883
84.137150194
84.0112476681
87.2943368318
83.9912384513
85.4934356431
86.0969893762
86.7105876987
85.3513764533
85.0624893817
83.9372224959
85.1323282832
86.730308719
