200 306 5
34 58
45 38
54 82
20 79
26 129
124 82
73 149
153 116
67 199
73 179
116 35
8 52
169 36
14 165
112 164
140 137
195 198
146 106
174 99
110 154
9 52
55 150
53 91
98 44
34 34
193 130
12 185
89 122
52 70
34 11
173 177
180 26
192 69
185 6
66 169
81 38
47 49
146 96
67 176
133 121
48 192
1 55
151 11
154 179
198 121
99 93
162 147
98 180
170 82
160 140
198 116
93 10
190 19
119 101
104 186
21 15
113 110
112 129
159 72
122 37
24 191
172 106
47 70
50 26
79 73
61 184
170 132
101 150
185 50
132 41
56 90
182 63
31 68
30 123
81 50
167 91
119 40
159 120
27 57
102 135
81 94
33 46
72 67
170 80
2 14
151 63
191 35
23 123
12 177
144 180
87 11
80 106
96 175
125 102
89 147
31 166
81 101
43 178
23 102
181 122
30 55
131 95
94 184
47 176
72 0
119 55
32 11
72 142
61 14
164 142
72 176
22 70
23 137
134 122
170 58
133 192
194 112
130 110
140 8
107 32
70 18
103 162
101 45
192 46
126 25
19 159
33 45
92 172
12 22
170 44
65 189
89 62
128 18
26 142
64 112
71 121
148 75
53 14
23 19
192 100
159 24
88 101
135 51
150 179
193 38
89 95
13 168
110 176
112 106
116 45
172 52
43 97
162 179
64 137
181 18
2 91
24 45
114 190
4 161
70 132
161 148
50 19
4 14
101 40
81 156
199 33
140 84
141 31
94 167
52 154
180 114
142 54
129 32
149 150
184 150
43 34
69 143
127 1
2 52
198 19
55 168
110 179
91 133
157 29
177 119
174 47
57 106
105 23
10 35
13 59
48 10
24 55
139 173
52 129
167 142
61 7
92 101
190 56
23 141
24 35
185 55
122 132
186 174
19 62
192 156
189 66
88 116
119 59
13 71
46 192
59 194
158 148
17 169
56 180
184 40
97 183
13 79
153 137
176 101
166 85
91 80
154 49
49 137
80 126
142 133
60 80
70 176
31 181
10 89
64 140
59 195
14 194
154 44
194 137
154 105
131 176
30 140
149 191
149 101
109 164
13 89
81 84
75 37
142 3
1 101
164 90
135 144
176 45
154 63
184 9
119 45
161 138
30 156
45 40
40 113
8 188
88 104
33 19
34 70
154 199
94 47
46 112
180 10
2 80
116 55
175 15
87 72
140 104
75 63
190 124
99 123
24 89
85 59
101 55
31 58
69 109
164 67
26 18
172 42
45 104
112 80
170 149
171 88
81 137
67 34
14 164
191 172
185 71
64 128
119 172
176 59
158 17
134 70
32 63
38 196
198 55
140 191
182 62
151 82
193 172
198 40
53 7
54 12
86 175
37 145
140 112
