1000 2000 10
211 324
800 251
47 12
929 438
706 588
751 154
566 574
197 262
228 633
906 367
916 10
866 414
182 324
197 854
878 671
145 956
90 912
489 543
275 596
277 494
227 294
366 798
658 968
518 652
501 20
299 554
810 203
103 480
413 537
904 489
229 441
395 475
677 630
947 44
166 702
135 436
335 279
319 611
50 379
140 807
839 220
527 694
392 381
370 92
482 384
236 173
595 954
685 977
235 825
611 344
691 454
372 474
668 807
144 310
796 796
753 426
488 16
280 432
330 531
612 863
293 492
667 917
109 757
141 519
677 232
177 327
155 111
766 405
614 857
13 533
864 883
196 989
235 902
762 920
886 29
884 295
571 176
530 554
935 508
648 742
967 158
56 153
89 304
688 885
618 251
624 976
312 673
135 946
0 646
734 382
767 193
12 38
563 135
898 137
811 601
484 391
149 722
426 875
106 702
70 274
210 494
62 579
534 843
266 396
556 509
993 509
472 225
198 140
953 445
264 193
68 413
203 180
679 468
612 356
419 648
965 839
723 872
280 556
808 708
995 562
961 190
86 493
504 190
37 801
633 305
3 484
228 38
335 567
733 225
513 924
490 583
470 740
934 171
865 89
560 450
436 387
680 778
257 717
849 605
333 246
274 577
78 606
194 625
512 794
684 99
853 880
760 470
681 501
329 795
307 831
626 953
643 130
245 234
815 912
557 886
609 375
575 463
545 717
233 113
689 406
332 755
716 958
956 275
936 337
654 271
838 954
893 180
817 616
295 689
90 129
622 683
883 674
465 503
550 508
511 962
269 710
397 420
417 359
284 699
255 194
728 762
753 864
835 639
241 412
281 996
904 931
781 502
23 620
555 543
458 497
812 131
62 606
353 86
905 844
119 766
568 996
339 48
472 869
721 771
376 695
544 282
503 197
434 327
141 748
41 42
936 526
890 522
992 908
463 934
171 883
401 12
221 947
323 718
414 38
244 301
570 81
455 372
432 455
420 527
361 492
419 459
294 118
70 782
681 565
220 398
120 139
823 782
844 557
935 353
935 990
207 630
78 915
523 948
161 582
784 445
142 205
649 127
797 860
757 613
630 876
472 176
889 211
949 144
382 627
351 992
192 48
614 509
442 486
192 172
2 256
112 454
91 319
59 653
955 799
407 750
998 644
29 478
40 779
458 608
234 715
170 391
119 275
390 155
998 271
492 260
721 45
359 704
689 581
0 717
272 222
637 715
398 55
405 682
46 127
594 482
756 242
575 192
747 483
393 497
581 921
641 318
973 615
301 712
642 557
787 24
546 873
261 316
501 792
223 225
895 177
727 988
327 505
363 362
172 610
867 645
920 391
356 902
441 226
648 180
463 554
706 262
992 327
546 810
635 268
160 650
823 497
28 948
864 940
967 89
867 216
334 350
846 657
761 681
178 299
275 349
70 960
64 702
980 343
169 566
553 186
976 656
750 788
150 707
810 185
587 406
38 986
492 832
196 797
654 715
445 810
77 12
5 889
298 171
604 353
804 17
546 608
132 990
620 389
800 600
697 623
26 448
695 98
829 455
792 144
922 665
409 127
584 749
949 540
843 803
588 331
209 66
670 153
985 781
945 683
460 339
604 758
595 113
852 953
595 726
271 998
906 370
167 195
959 447
702 592
155 827
137 903
533 625
216 463
217 283
507 313
403 834
762 372
82 920
202 776
453 421
707 72
710 109
414 65
861 144
850 577
619 938
843 995
778 743
807 72
344 186
354 91
38 232
506 691
337 819
15 350
179 611
323 351
15 857
164 100
677 29
265 724
650 905
516 168
902 150
661 338
389 565
802 491
102 519
764 84
79 441
139 152
777 757
979 93
436 91
126 119
211 318
521 263
167 711
873 265
43 724
579 999
717 40
777 113
303 956
885 446
308 218
547 493
547 278
245 797
517 355
33 73
588 203
473 653
363 454
62 547
921 187
13 14
361 927
513 259
398 443
874 487
153 936
573 488
732 182
68 420
628 436
85 374
587 341
392 148
781 559
267 89
364 382
779 621
697 40
276 256
489 760
538 149
958 457
612 278
514 812
382 891
539 694
769 654
596 484
37 604
422 54
161 389
30 43
139 543
980 458
907 314
192 974
796 969
723 337
189 147
822 844
608 939
217 907
98 451
919 747
691 245
407 394
655 528
353 268
300 277
358 719
496 554
958 574
217 66
861 502
572 872
570 31
919 667
537 487
774 449
980 631
927 749
253 991
48 919
605 392
595 648
832 718
22 887
784 651
207 506
783 395
378 500
475 720
590 695
105 152
592 582
942 774
774 489
730 588
566 755
765 936
787 772
521 776
192 211
266 867
724 634
423 723
346 315
0 923
449 597
787 10
203 795
708 476
275 789
817 688
549 270
747 369
569 999
450 613
379 230
742 819
649 328
590 838
828 226
680 533
948 536
197 309
566 387
751 359
493 457
215 171
168 878
819 457
590 61
445 863
530 240
960 455
381 880
948 674
231 802
787 411
662 282
894 551
934 410
913 641
265 463
370 821
570 249
941 49
983 8
154 863
723 453
581 266
371 930
591 419
725 56
586 103
435 98
382 106
607 813
394 770
730 263
758 404
48 910
217 732
382 168
409 898
767 675
47 640
84 326
879 408
831 765
395 178
395 476
995 294
919 337
578 815
702 121
328 114
428 998
496 838
576 730
255 34
972 363
227 232
378 391
271 661
736 602
128 822
134 112
31 966
989 220
165 409
858 43
604 997
83 479
918 471
874 251
591 90
150 680
580 9
813 462
744 561
103 57
556 45
329 55
623 130
919 556
88 585
177 304
240 708
465 218
673 622
48 977
260 554
963 888
596 507
40 203
942 584
766 301
350 731
362 118
425 152
406 27
874 575
421 861
970 391
119 496
356 981
675 663
433 57
959 829
770 682
220 268
352 957
45 330
965 940
160 579
164 954
500 678
251 404
22 100
244 892
771 356
777 410
171 262
622 605
358 714
73 8
297 137
144 147
498 313
94 201
4 141
151 993
969 948
560 193
104 285
183 385
291 819
256 797
54 458
311 972
743 815
854 158
386 81
96 750
54 922
691 430
233 61
500 944
609 761
569 756
77 244
489 606
956 370
224 520
572 60
25 190
732 993
200 476
15 190
609 74
518 89
522 543
26 482
699 809
412 653
117 899
780 736
632 738
566 203
972 970
981 538
522 128
539 216
265 955
178 821
859 47
865 235
137 207
350 743
234 169
218 893
441 204
927 748
661 276
136 836
724 714
638 769
817 856
677 251
865 241
488 490
669 329
862 294
887 617
214 102
289 654
0 892
641 590
709 453
254 60
278 991
190 864
938 482
957 728
642 759
750 88
495 184
151 789
549 814
81 394
572 967
178 726
888 363
224 970
537 715
509 170
690 664
414 439
125 18
217 719
213 348
276 62
853 871
358 613
179 426
321 538
605 872
882 755
113 817
462 446
671 637
783 6
346 568
155 313
72 773
965 349
932 914
455 934
726 967
610 585
648 442
598 574
665 845
112 332
999 614
430 272
155 752
117 932
793 800
439 247
80 177
663 736
79 691
101 225
591 738
544 167
936 19
194 404
218 581
429 261
318 394
937 108
507 323
2 281
447 164
199 406
854 173
510 799
668 817
800 190
436 723
559 329
219 213
60 617
345 712
374 504
98 518
10 176
566 754
978 948
730 979
749 296
697 252
171 979
724 853
869 102
164 318
853 866
472 674
289 175
432 123
450 994
231 554
236 998
523 343
676 96
43 342
620 938
632 390
897 711
439 235
639 107
488 408
6 67
225 836
299 781
151 804
432 610
796 348
75 348
843 223
102 144
446 56
59 718
688 223
334 501
143 621
29 283
862 750
397 258
445 529
833 136
674 741
30 957
683 28
876 78
21 492
536 183
507 448
56 165
103 798
366 341
869 780
438 865
688 636
246 70
852 149
942 294
174 790
761 161
571 534
314 597
339 734
486 226
14 650
715 688
894 46
188 533
640 533
484 23
507 636
267 319
807 56
155 144
283 616
348 641
172 102
692 824
556 468
461 761
643 297
898 590
206 985
674 29
690 757
855 750
887 768
535 67
283 635
721 340
806 511
198 75
572 484
188 944
592 787
224 854
253 338
400 519
470 642
347 69
937 398
602 662
13 428
154 941
968 499
924 802
274 761
138 354
520 922
211 853
867 694
305 40
730 927
844 800
846 870
706 471
473 601
373 101
696 412
706 783
494 560
146 536
427 793
436 600
363 134
694 173
778 860
760 937
166 844
836 49
252 213
270 764
310 317
868 110
729 935
213 726
835 607
628 281
691 759
907 954
786 233
34 521
442 526
965 585
566 41
376 567
387 270
226 65
551 698
203 548
658 731
436 717
443 493
595 720
776 156
157 35
282 278
990 840
950 173
651 930
529 371
970 158
919 100
782 300
26 199
643 45
379 736
384 519
936 306
531 644
786 282
368 387
575 409
407 749
878 611
695 573
123 71
638 827
279 41
14 694
537 80
370 927
639 814
782 293
426 724
4 637
298 792
253 241
781 610
217 970
524 378
152 605
703 9
797 425
672 947
445 693
244 425
266 916
742 376
525 394
19 556
375 497
219 500
338 962
614 612
426 202
300 480
346 145
321 159
17 188
671 131
916 124
593 366
776 424
405 643
962 736
464 843
89 860
919 996
923 218
440 729
90 492
802 893
975 802
947 285
91 184
298 776
500 784
322 613
828 388
605 984
575 113
911 36
830 23
143 174
611 68
39 720
263 541
208 941
421 755
222 765
57 97
231 954
336 821
99 478
823 888
744 106
256 111
942 568
599 85
377 253
286 187
373 208
529 649
566 952
695 217
552 547
983 336
520 572
124 684
952 2
31 971
574 412
387 498
414 494
12 459
781 661
592 756
651 449
993 219
541 501
289 637
924 242
291 550
904 899
323 107
998 966
342 20
180 642
801 661
695 336
202 986
465 601
305 103
655 335
414 316
422 415
935 455
498 180
425 172
329 26
884 47
460 808
508 592
745 875
626 963
709 170
239 36
622 542
387 800
910 572
631 784
414 450
690 918
204 769
62 17
548 601
662 634
449 874
199 194
498 235
121 5
911 154
417 37
878 956
296 185
204 759
832 37
501 974
349 135
638 755
129 500
12 387
539 889
188 85
9 623
623 870
527 976
728 567
371 834
414 69
550 785
233 683
310 951
721 557
916 207
208 113
571 9
791 646
159 418
253 526
208 78
346 535
385 927
939 468
453 96
230 607
853 208
894 225
355 307
545 385
601 107
548 813
90 225
282 570
588 469
422 483
836 704
739 976
754 595
184 484
928 444
435 605
792 829
758 997
138 498
368 194
61 693
566 62
533 202
602 133
627 956
805 501
271 325
103 342
521 819
533 832
453 380
671 748
122 914
149 725
30 749
775 658
209 938
836 662
932 440
766 490
811 987
369 685
19 227
131 739
147 69
260 383
0 492
630 616
758 951
451 168
691 935
482 202
490 98
66 575
680 197
684 787
62 976
736 682
878 525
943 591
411 922
424 928
911 692
142 856
169 468
872 188
571 773
477 356
534 517
410 582
796 557
92 893
836 360
965 498
564 349
996 573
788 730
721 599
519 450
814 138
800 203
189 898
303 177
698 909
958 630
912 207
358 897
458 909
327 51
970 692
25 235
811 891
24 787
592 375
761 787
997 330
894 718
569 688
707 731
363 832
380 153
466 645
123 669
563 600
717 490
251 597
540 628
972 787
298 207
883 167
660 835
156 291
545 6
910 528
209 887
409 633
987 439
260 341
611 737
612 106
424 412
482 284
589 724
454 493
947 238
505 61
843 664
992 401
712 282
907 133
430 481
430 419
700 255
553 801
833 623
410 886
616 444
581 390
223 889
30 646
928 797
53 748
787 529
193 957
763 608
954 370
688 826
718 745
559 726
582 207
420 492
798 603
772 188
466 658
551 436
270 426
689 191
282 819
855 527
99 647
711 559
8 118
549 541
297 889
951 269
699 476
914 314
382 850
898 942
15 565
674 158
272 458
752 761
876 489
408 466
955 260
245 90
722 4
230 759
801 289
294 649
656 251
802 950
87 3
512 592
214 953
877 615
811 69
533 429
605 73
69 260
815 765
908 513
933 968
467 319
657 351
999 873
614 263
133 15
567 217
434 727
761 939
542 8
991 42
452 115
447 856
652 226
818 442
274 171
154 868
497 958
879 740
403 28
249 79
652 395
79 394
496 397
893 851
601 439
57 983
913 174
45 338
175 606
192 780
491 77
664 287
742 346
265 35
4 83
196 661
204 282
382 107
339 481
303 985
266 646
56 298
505 674
392 77
181 588
570 381
812 18
460 786
774 601
193 287
450 995
797 192
198 23
574 394
208 799
59 992
474 304
23 604
431 347
474 866
537 235
876 399
936 701
464 430
324 754
409 258
5 517
493 357
236 668
952 41
467 618
919 423
292 336
754 992
842 187
173 202
639 387
807 823
331 250
333 351
517 189
116 311
737 867
219 877
127 327
793 798
141 369
890 235
981 90
74 287
594 356
284 379
543 454
399 770
27 716
388 807
721 911
306 134
49 329
522 122
171 205
231 756
494 793
960 183
216 258
198 4
2 988
151 112
273 203
653 703
415 96
834 386
600 781
483 178
77 156
780 986
179 0
728 155
729 23
122 176
340 694
179 364
963 89
470 287
722 436
422 578
525 328
888 734
603 287
616 754
897 294
608 251
709 359
425 252
345 985
636 365
183 464
125 114
892 91
438 691
463 738
320 104
245 905
313 462
585 890
539 248
506 458
534 122
763 268
181 504
132 688
881 714
62 376
879 836
14 687
31 34
658 63
966 542
110 470
371 876
172 679
915 235
165 811
97 100
444 665
251 176
665 113
684 724
516 794
172 520
587 892
159 883
588 910
23 921
225 371
682 680
47 781
338 633
225 110
678 283
622 295
428 305
919 606
350 208
775 732
400 831
277 218
260 583
798 612
366 332
439 918
38 823
850 506
113 445
390 952
484 613
645 202
606 191
187 964
781 367
44 23
877 675
687 337
291 371
730 908
523 337
357 311
213 889
51 388
142 990
732 376
554 432
473 679
994 468
813 724
317 192
732 478
802 405
570 942
584 781
94 741
932 29
980 201
169 293
362 673
38 425
617 966
33 415
942 649
426 49
617 187
114 662
282 777
634 481
567 827
563 656
658 112
121 953
802 286
195 737
896 171
236 675
226 96
335 838
284 603
535 324
178 143
131 978
435 927
829 49
967 87
50 893
837 939
246 524
551 456
75 77
319 876
636 783
957 854
868 862
415 274
381 772
5 785
859 964
113 602
826 37
172 948
303 49
729 669
512 650
22 228
300 694
301 69
751 812
209 598
459 375
485 472
466 848
7 118
985 796
913 160
686 46
14 248
406 674
962 49
173 35
618 660
517 496
531 647
741 798
949 596
248 39
826 487
379 182
355 483
799 751
700 876
458 409
932 862
731 234
141 116
895 338
537 586
870 734
294 969
118 619
840 133
216 859
573 698
904 138
477 389
150 516
140 792
127 936
417 322
234 209
257 470
386 339
36 622
711 853
992 440
262 956
322 408
712 135
618 692
354 599
836 324
396 132
157 211
16 444
455 475
276 135
272 488
247 186
614 921
751 212
731 526
766 663
274 329
452 66
808 763
840 384
792 880
172 898
483 40
234 5
305 391
907 564
261 735
986 621
347 225
272 362
223 493
794 815
912 555
81 873
229 856
322 637
952 958
432 323
973 762
451 581
94 774
539 170
562 492
590 962
955 687
412 478
645 860
199 148
800 973
773 287
261 860
871 605
374 964
251 858
57 270
14 921
904 639
602 203
2 284
489 805
405 397
419 4
847 752
275 832
798 326
790 571
336 849
636 911
726 764
249 65
935 546
769 7
990 135
299 118
180 186
925 827
997 689
639 664
524 885
905 406
918 291
16 723
900 478
395 790
780 152
460 805
877 402
590 532
411 757
783 949
182 39
890 960
416 494
484 492
512 821
815 837
712 297
363 474
436 660
281 63
476 134
322 114
447 794
672 217
870 260
99 906
202 335
565 710
744 548
319 930
561 315
452 830
982 183
384 393
326 232
964 572
951 934
73 480
32 717
817 754
26 431
328 839
157 511
772 362
65 619
475 821
606 30
979 854
990 742
501 3
89 77
498 469
819 983
634 372
657 529
711 416
877 69
335 398
690 224
681 5
573 780
262 76
472 63
751 355
946 627
347 459
660 488
36 548
252 730
885 586
321 378
219 982
401 42
99 901
805 223
42 140
829 115
331 263
804 974
540 299
139 196
875 359
107 25
37 432
261 74
130 560
771 615
292 967
433 909
738 225
230 415
456 302
249 425
618 657
335 647
680 387
406 959
112 156
953 996
767 720
427 533
952 678
464 948
733 901
203 162
200 163
74 949
122 509
10 768
657 965
642 742
949 654
880 424
620 530
116 148
776 664
253 463
706 982
423 712
684 108
952 798
492 170
421 98
950 635
529 579
448 64
929 423
158 842
184 611
273 993
907 631
269 882
132 336
171 196
13 900
332 354
608 780
470 402
767 707
699 72
147 886
310 568
716 30
812 866
905 948
241 115
849 412
168 503
183 707
727 512
847 265
897 853
731 82
749 754
813 146
100 753
363 787
176 956
995 831
441 589
470 308
622 329
53 260
211 758
989 566
220 96
333 602
68 960
38 528
199 704
88 496
472 396
426 192
237 905
359 499
756 772
403 963
984 742
356 678
247 986
293 358
455 661
924 934
957 661
418 327
871 740
720 672
875 545
550 159
785 440
445 862
970 995
460 720
625 957
605 416
488 723
419 360
591 11
291 43
988 48
897 565
374 600
203 606
756 887
91 853
33 941
436 240
628 846
617 804
192 978
614 185
241 975
89 376
882 52
158 344
103 276
47 331
901 505
201 476
345 757
360 678
813 336
17 261
990 945
988 808
539 902
37 147
729 913
55 962
419 555
680 798
560 934
394 908
587 404
725 114
67 997
533 242
30 113
3 31
395 240
908 173
331 901
699 320
830 402
