10000 2000 100
2620 775
8385 2395
7772 9970
7893 3588
586 5245
3188 7637
3952 6882
7357 3232
5199 2509
2286 2756
7733 9085
6915 5265
1451 2286
8691 9140
3163 8876
5612 4683
6086 1677
384 8083
4183 6252
8627 4391
3004 3411
3389 34
4316 5929
1993 884
5061 2273
7741 4528
2168 3247
5426 3782
8217 2785
5848 4735
6944 1111
9259 1507
8874 8695
8139 1908
187 5578
317 7718
4079 5089
5857 4322
6904 8483
7322 7851
6799 3226
6779 8121
1896 3087
4806 318
3642 4424
5696 6692
7565 1192
3937 285
4247 6225
2973 5762
2281 3711
1497 8585
7643 4734
7420 1771
3418 1086
3949 425
6561 7360
2116 855
9117 6042
6068 3319
6883 8064
2165 835
3070 9284
6048 870
1573 6290
22 7853
6250 9731
3523 7032
440 7779
7975 803
6927 7642
8698 1323
3556 4069
7541 2775
64 3426
7304 9486
7613 9106
2946 5548
2356 7035
8317 5542
6887 4693
9605 3433
9620 9011
167 2419
28 2672
9245 5764
1935 4320
2297 2074
2871 2657
3647 2210
1336 1158
9904 6966
6864 6779
9509 7576
9727 7909
4065 1511
5633 2561
4898 7013
9103 9396
3576 7955
2458 9024
3253 9521
436 9132
1873 5791
2373 5006
8641 2651
7756 3137
5096 5387
3616 2221
4310 4387
8224 6817
2181 313
2603 7036
9585 9589
9114 8956
8222 8596
6692 1614
9065 3494
2264 2099
8019 584
9213 9558
7043 5566
729 4192
2944 2124
3542 316
2709 2457
8332 4948
2373 3059
474 1595
8398 8071
7591 9333
9188 2958
1746 571
8624 5153
7943 3463
9941 7230
5299 4479
1533 5616
2770 9509
3868 651
5784 2593
3880 3616
5857 6856
91 7896
1042 4148
5302 6742
5302 2285
6376 7001
5409 4820
4235 9213
6806 2207
8594 3046
4310 4267
3256 9870
9078 7553
1546 521
1806 4053
1515 1493
3693 1613
5989 9268
7732 8101
5277 5072
5715 6781
2506 2121
7439 7869
3013 2075
9160 9413
4416 9791
9109 3827
2999 8219
3996 455
3035 4144
5557 7611
9570 8660
4686 1132
3927 2619
8263 8798
5353 3774
6080 5150
9684 4604
8818 8351
9589 3486
9005 7676
465 4229
8144 4656
5837 5527
98 6853
4738 1501
3153 3915
1218 6166
5459 713
9402 4632
9867 1453
3215 897
7899 650
3067 4306
7425 5201
8142 8676
4984 386
2045 6849
1127 4724
4206 4030
2317 214
7155 2919
6242 1764
2486 5967
8722 1349
1719 4713
4768 8715
9872 3757
4452 5662
3786 9520
9995 2211
3598 766
2542 382
273 8478
5847 8156
1989 1248
7300 5622
2564 4315
1237 4684
7391 5492
2693 732
2154 5534
5357 722
3151 9121
8051 6932
7909 8546
2039 9640
7718 7811
6751 310
6521 5149
1100 3399
9503 2081
1941 2307
7558 7032
9319 9542
5545 9139
2916 5768
2587 2526
582 4110
4264 8100
1300 2655
7858 8277
3414 1205
9072 1672
5314 3056
4726 9578
99 4699
7167 8101
3333 4427
9773 6069
8152 1075
6712 4354
5455 8220
3581 1257
1302 3392
2168 5718
3811 8694
7026 2187
1586 8174
3250 9832
8109 6566
8375 2901
3038 3797
8612 7866
4134 927
3141 5908
4612 531
6561 7230
840 378
3883 1983
1948 5874
4027 2968
4383 513
6271 9418
7075 9642
6385 6026
3479 6646
2543 1901
8071 6892
2051 855
4358 3264
427 4679
1630 6074
6380 1586
9445 842
4382 111
5639 8008
8925 290
6054 2796
8585 8119
7749 939
6194 5149
9417 1923
8905 3752
5265 3265
6431 2653
6647 8329
542 90
7547 2866
1947 8100
7382 6835
8245 5550
5277 8696
7354 6002
3313 7631
4847 377
6090 2573
6272 5952
902 456
6895 3833
4419 5281
7371 2382
1715 9729
4893 8879
4868 897
1685 5433
8869 2699
7181 8002
9181 2521
5687 1748
9715 9416
2358 6342
9068 1734
4704 4780
3983 8037
2357 8778
5850 6548
5348 172
678 45
4692 5854
9966 6292
7799 8187
7578 2871
4300 8398
1644 1125
3121 9411
8507 8611
7863 486
9466 2256
6640 6693
3966 7126
8883 2920
9207 6235
4296 3680
5959 8146
7103 9384
6026 6941
932 3764
7602 5631
3238 7451
420 783
9916 6004
6836 7654
9129 4255
5336 3776
1638 354
4498 9975
7317 5951
7979 7119
6383 2382
1389 167
3506 521
4067 2954
1532 6831
8244 6010
1786 7960
1385 3672
6094 2763
309 1164
6199 3742
5034 9883
2016 1150
9303 8934
3920 6910
5221 3330
4144 455
7199 7623
598 3198
1531 1405
8688 7547
3301 9002
9004 4971
6303 9472
452 5303
2473 5797
8084 6062
1028 860
3113 1254
4806 1989
7392 3692
7620 1307
8165 8510
5569 3439
9784 6759
4520 3092
7739 7357
4658 5950
5010 3838
9210 1384
6438 2664
1623 457
2914 5290
76 4693
7985 9686
871 2182
4219 2300
9057 5179
5785 319
3302 9830
3880 6664
6503 590
4686 2872
9793 5698
1663 4106
5943 5128
2327 7045
8027 7311
2545 8588
5016 2083
9463 555
5649 7481
1456 2094
1265 3189
1232 5758
8301 3392
3980 2590
6496 6283
9724 5087
5315 9430
5043 7250
2079 7860
5258 2914
578 9300
8713 4052
305 9563
9044 4439
8019 1510
2839 1132
763 9970
1854 9286
9057 9731
5765 9523
4276 3672
6947 5765
7171 2474
9861 3688
3238 2169
1387 6327
7024 6708
4207 4803
8831 4369
8872 2117
7607 9343
7561 8181
5680 6706
2291 5644
4259 4907
489 4811
371 3951
2476 3418
8750 1514
3343 477
7676 6100
662 6406
1884 7909
3152 7022
5268 5170
4409 3371
9024 3814
3005 6157
8662 7318
4736 8152
5505 4175
6462 9752
1210 8484
7873 1667
9983 6188
7617 4459
6877 9130
1967 44
9453 1910
4620 5431
7861 4646
1782 752
9878 4470
1742 382
1135 9530
2750 9478
4722 5159
4562 5649
3985 8790
3280 1180
1940 9766
9906 3070
5608 63
9561 2937
1628 1303
7621 4988
7908 6413
9148 5098
5455 4546
8869 1402
9425 8185
6735 5322
4827 8341
7888 9670
9615 8824
2346 3030
2265 9128
6235 6094
9675 8674
8940 1440
2210 9630
6667 6895
85 612
3985 5507
2778 9746
4868 5400
4871 8030
1566 8281
8171 3479
7783 291
4114 4329
1907 1994
1206 3926
8688 5581
334 8901
8055 9774
5402 9538
1340 4977
4814 92
4041 2398
4568 1608
7679 8494
6073 2740
6441 5945
7580 4213
3437 9202
3548 8817
9190 7733
1619 2146
5284 149
5613 7404
133 772
1132 8662
3465 6980
8099 745
7477 9301
6552 4033
8705 4853
6224 5689
3318 8264
3680 3341
2135 28
4318 5478
1107 2311
1546 4274
9263 199
3586 568
3541 7241
7427 4528
2668 8475
3627 3486
9926 7273
4373 8062
8904 5107
3872 9444
9675 9257
2442 2326
2129 3373
2719 8244
4937 3803
668 3434
3509 344
6570 1580
1451 2674
2502 939
1621 6298
4794 2372
1296 3992
8669 6152
2357 8281
8069 438
6166 2845
5467 7996
1740 872
8952 9503
8275 3455
4250 6397
4348 5381
2017 3389
9040 5187
1982 1963
956 2800
8298 6171
3243 7114
2559 5536
365 5066
8557 8892
3003 4975
9170 778
6755 3576
1334 3125
115 6115
1619 787
4681 8013
7723 4929
2097 6006
5734 624
1846 663
9313 9128
1263 2271
6071 6513
3560 799
2488 2131
9726 4456
1459 4646
5193 9614
7499 2844
5206 9274
4175 9676
8111 6393
139 9012
8182 911
2274 3070
6778 2428
7709 658
4503 486
757 9761
4030 6090
3982 8206
7175 6494
9054 3771
4645 5702
9101 9014
6388 3968
1593 8055
9571 4987
6429 1152
2899 1855
6239 1806
5644 1124
1895 3728
6737 5901
1855 9354
9092 4412
3319 7938
5713 5042
782 8927
2285 4141
9926 7458
5062 2623
1894 7212
8290 9586
7971 7434
4857 4660
694 8426
8404 9338
2768 9599
4353 6918
9705 1025
8672 2728
98 6416
3514 6840
1953 8898
5447 2985
6934 5932
7159 3313
415 9985
2777 1075
604 8845
3821 800
6942 822
3672 6405
2564 4957
8790 2013
2855 937
5559 1613
8406 7785
4338 9764
6700 4115
6571 2545
7712 2625
4492 6372
529 7132
6739 8922
2678 5148
2806 2744
5086 8899
9854 5460
8521 2834
7212 5
5309 1844
7789 1398
6795 5590
2860 7011
365 3227
621 6079
8557 8250
9163 8815
1645 1654
9460 9713
2710 3190
7177 1057
9760 3699
9981 6919
5388 7797
6192 9164
1270 2979
4353 9553
8386 8696
9523 8002
3065 9412
2590 9748
136 3586
4880 7711
1158 2603
7818 7494
2447 9583
899 3650
3208 8852
4933 7901
7274 7896
6052 2882
1426 93
7512 9585
9998 3614
5654 8217
6409 7866
8130 1090
866 9444
6497 4729
7156 9931
6440 3790
4363 1840
9340 7621
8388 1831
6098 6111
6963 891
2501 1168
7164 1241
5667 4614
3628 5092
7395 8137
4457 5911
736 7452
8965 6206
7170 9882
4905 5901
121 880
9284 5994
8509 3787
9013 393
4181 4311
4021 7883
1994 2934
284 3816
6130 9891
5568 7512
5491 8774
7848 233
3822 5825
217 3974
4878 9985
1312 158
1729 6704
6604 8759
8477 6955
6768 4252
6326 2716
8228 8599
3995 3149
3970 986
1024 5031
8619 73
5096 1008
5836 2055
1738 6798
3037 2761
2779 7436
154 3273
4464 819
413 386
1076 6336
998 7487
9709 7756
8633 9385
3746 1207
4293 9414
6550 2371
5944 8133
8413 6984
4934 6062
9801 7974
7843 2072
6635 5699
740 5265
4764 154
4730 1868
4962 5218
7945 356
7276 9480
7911 3049
2778 8185
1198 2477
1512 6080
4743 9883
5273 889
7205 3683
361 3140
3051 8835
9449 6069
6649 4856
494 959
4888 3665
8128 8249
7056 558
6861 7782
7287 238
893 737
7047 1056
3287 3896
9468 6702
8890 9128
4724 3702
3290 3605
3087 725
489 3017
4263 5886
1850 7349
1911 2465
920 968
1634 5663
9943 5489
6333 8867
9594 6710
4471 3570
3224 1421
338 7820
7678 9382
8471 7157
4009 9387
8149 2827
917 8171
1161 6963
4957 6870
2934 1925
1662 4890
3100 1562
3486 4789
6989 6910
7267 9853
7288 3050
4889 1266
9903 3093
1728 3878
7576 7546
1104 4085
5091 3035
3591 5932
9733 7053
1662 4192
7481 7810
6343 9004
8000 6114
7072 3476
4535 3988
3974 8215
982 6722
1540 7833
8767 7292
2565 9766
8539 7972
6270 7627
3429 8583
7826 8268
4860 5910
2884 2884
9856 1146
8995 1930
2156 8088
7477 4943
7121 2624
5917 6999
8417 7661
4530 6413
8780 8950
9498 6827
8521 1502
2824 1
9060 3471
8317 7402
6210 8555
1457 6403
9280 9065
2392 6869
6010 1395
2933 8578
203 4356
8714 9099
4698 9374
9347 9284
8178 9689
9370 2141
9657 2571
9920 3570
2062 3316
6309 2187
2389 156
6505 1288
4619 6807
6946 5836
3808 7279
4969 9217
9994 2485
633 206
4441 2537
3757 6508
753 7069
48 4537
6995 3835
2361 963
3425 4923
679 7270
5363 7049
9007 4438
5404 3690
5246 7146
3931 9402
427 6102
6694 8095
6821 4471
1461 2709
5067 2781
9822 246
7857 7975
3932 4074
5331 916
4494 9139
4751 5356
9720 1643
1908 5726
2902 7621
3256 2220
7477 7065
6970 7016
6191 3780
575 1980
106 496
5196 7078
897 1501
9042 8779
3998 4671
5085 6424
6326 5019
5927 7044
513 7821
2176 7752
6110 3124
1407 6248
4280 1759
3260 9509
2657 2689
6368 9937
7927 5885
4540 3632
7128 2813
7199 9091
6913 215
2148 4430
3254 1119
2747 3197
6589 271
7802 4061
6254 8773
6115 4066
5939 8293
882 5387
4174 4689
3598 4285
500 4658
7680 5713
126 8527
7557 2545
1547 6588
4625 4170
8319 6550
9395 2214
993 5924
2432 7953
162 204
2485 4204
2847 3438
7146 2514
1345 7390
2267 3868
4181 9491
9815 7610
3386 4536
2150 5114
5619 7668
1454 6365
3720 5655
6371 9818
5527 6562
607 6422
2578 1344
4285 4537
684 577
4838 2332
5101 6188
796 3862
7774 4164
7434 7063
5496 2050
5281 3482
6064 6996
2018 28
8158 9404
4641 6486
5269 7678
1248 5372
5623 6923
4366 9790
9514 5864
2937 4751
9616 3323
1181 8203
5687 6118
5136 1790
891 53
9558 914
5120 5923
9621 4043
6256 3993
9065 2056
3899 3093
4831 5508
2906 3144
974 1655
5160 7167
855 4681
5467 9696
1329 3343
2539 9811
5175 1530
8465 2738
8576 3365
7162 6899
151 9930
4013 8029
2925 9888
5191 8504
7126 3198
621 2922
3750 6770
2554 8642
893 498
8287 8671
3347 8469
3693 1840
14 729
7735 2993
8004 472
4405 8705
540 3796
5209 2780
5341 425
4537 8211
2572 332
2766 9325
8477 5601
134 305
4430 2538
5216 8025
2743 6615
7891 7448
7760 7836
2394 1247
2208 9326
1953 4439
3469 5948
9252 8537
6216 6794
1699 793
4855 9424
1969 5522
810 9818
1089 1541
4161 1821
9211 7862
2509 8567
1503 5889
8845 8911
7541 9519
1732 2568
8361 1754
5418 4592
1812 1539
6498 8884
9412 5436
4998 2120
8722 6529
3318 5629
280 1719
2180 1159
650 5269
2894 5605
1345 9535
8246 4435
9316 4958
1490 9140
1315 3748
4875 7757
3579 6175
2538 6803
8081 5908
6359 249
4867 1675
6989 7574
8380 5025
4106 4241
832 5935
2493 7381
9276 3246
6192 2324
1865 7046
7240 8894
9082 3327
5305 2197
8393 5483
7773 7580
6359 7199
2405 1179
2772 9987
4019 5711
5285 8180
3370 2607
4867 6768
7927 5454
743 5846
6828 6736
9734 8415
4613 6135
1420 8088
7332 2399
8292 1452
7067 3647
891 8757
5424 662
7451 1730
8706 5194
6382 5962
950 3765
4387 3934
9127 5055
7586 5640
3435 4752
4588 7095
9133 8509
6778 9058
4442 2438
7538 6283
40 9910
787 6367
8104 3142
4322 2179
2830 2239
6484 9097
992 1111
9485 9509
5876 3972
399 372
1223 7374
1908 9628
7403 5406
8343 2477
5873 9235
1150 881
6909 4703
494 8770
7778 6937
2375 3446
6251 4485
3752 6390
3104 7518
9064 2190
9844 7614
7463 3676
6037 244
4891 6733
3112 2654
3034 8372
2279 5815
2898 3469
3029 6700
1199 8275
3804 5622
1375 367
7358 5092
6378 5368
732 3154
9602 8032
3073 5169
665 3649
848 789
2356 7861
5530 3379
3273 7693
9125 3016
2023 7551
6390 7731
9461 3212
8989 6523
8712 1277
8929 1050
9821 5110
4338 8058
7724 8520
8741 6484
1040 4093
9400 230
3009 9895
7206 8935
1196 7404
3624 6941
4149 7726
6862 7356
1691 9133
3255 8401
694 2446
8657 1359
5569 4022
178 3713
3444 2878
1667 5307
9346 7800
1782 3251
6044 9526
555 4129
2899 8027
6465 2332
5365 928
8330 5547
1309 1013
4204 2398
3738 5366
1457 8729
9158 5938
0 150
2575 6599
1435 577
6178 2797
6621 6711
6482 781
8883 235
2936 783
6429 6290
8996 1296
8078 5514
6428 1359
6537 816
5624 8455
6209 5805
6066 4681
3733 8513
4754 4417
1992 330
5432 4062
679 7049
8026 5028
6930 9771
7811 9610
3123 1464
6939 7152
2404 5641
6980 6082
8724 9958
4753 5638
8378 9975
9262 4743
685 4574
6494 9986
6456 1203
760 9838
8222 6476
2037 6350
7634 2038
8395 2853
46 9765
3258 4903
5883 141
6180 5106
278 9520
3813 4701
8631 3392
1864 9376
3439 6709
6590 1036
6642 9650
9404 6923
249 1077
8737 1890
9097 1760
9025 6931
3558 5533
2793 8742
6300 7288
6003 7938
9600 2065
8591 4978
4693 3955
3821 6588
9182 5630
8611 1657
4128 7730
7952 7593
2726 3090
4859 2863
1849 3974
1054 2162
1060 2550
5440 19
9517 6104
7889 1651
5715 6346
4562 2717
8286 2453
5811 4024
5247 9267
5199 2183
5115 2610
7458 4470
3551 7821
1661 9612
9120 8387
2853 5802
1555 404
5013 3169
5012 8053
625 5986
1387 3597
4637 4515
7174 3900
6010 4532
3891 9551
2661 3584
1092 4421
4996 5906
5926 3024
1451 6323
8640 5296
5729 2000
4476 6508
186 2301
2755 3302
9058 6304
4221 6814
8831 3747
5582 4517
7524 4931
9209 7611
9073 3131
5650 5157
7380 3350
4317 3178
9365 4569
1674 7912
2984 1391
201 8405
674 6852
7450 9397
7921 115
5704 1203
5128 3357
6888 1143
2546 144
7529 4853
3451 557
7424 4440
6433 8546
8137 8737
8029 6252
5596 3567
3274 4122
5853 1245
7053 1429
1725 9575
1714 5315
7972 1385
2561 9207
3011 7849
2862 2149
8012 7033
6714 8510
446 7565
5877 662
8599 5478
7639 2316
1474 6867
7225 1633
8484 1525
8694 5974
1856 7942
8613 9813
2703 6008
5687 6739
9075 1642
4174 8190
299 2476
8796 752
7673 1987
1540 5259
7574 6981
828 1041
7548 4779
5089 5463
3177 1332
4064 9930
6625 3035
9612 2836
465 8116
808 3488
2810 1457
688 890
9380 9590
2440 1933
3690 6729
6897 4607
6852 8491
8343 5266
469 5256
6332 8127
25 8643
743 8544
7319 9914
3083 7852
3207 6676
3257 9823
1168 9951
7126 4350
729 8123
1217 633
6417 397
8026 174
5702 2168
1387 9030
7414 8246
6582 637
8829 9407
8198 798
8330 1175
1746 2519
6741 7529
9149 2525
7308 8889
3510 4221
4355 1197
1212 7861
4113 1914
483 1183
189 8416
2328 6133
9655 6975
6207 4289
4382 730
3739 3445
8459 1871
6804 9414
1408 4181
5992 9323
5184 1152
9880 4645
1378 9718
15 1741
3230 8
6393 3553
9704 3231
9082 4757
6930 9399
6674 4065
5340 4330
4647 7375
299 3209
5210 774
2922 801
9783 2229
673 3043
8247 8481
4148 4689
5417 9189
1397 6505
9629 5928
8412 2476
454 994
2988 2043
3744 9983
1559 6478
4942 3056
5859 3061
8567 9580
5038 6518
3864 5538
3105 5459
3589 1144
6226 8605
4220 7801
3617 755
9797 1000
7455 2021
9595 8648
9317 4758
6934 8287
4011 3735
7338 5120
9457 4627
8742 4185
1697 7797
9794 4924
7789 780
4912 9131
2546 4902
4693 2878
8330 2604
6837 2398
1180 5612
9238 8783
2566 5539
5164 36
6948 2080
9359 2578
5900 4291
8554 3922
5598 9677
6336 2664
5675 7064
9784 261
7305 4374
8651 398
3904 1465
9096 2291
2597 5258
8584 1789
1422 5927
6312 4628
3176 5935
8928 5654
7220 4507
9089 4120
119 4895
5156 4617
6922 2953
1031 1976
4880 6280
9757 2056
1459 9882
700 8262
207 3930
9819 8187
2865 7713
1314 955
7180 5609
1926 4288
2280 1489
1544 8306
5220 8522
9101 4087
6067 7258
5191 8351
4555 872
9299 6337
9353 2982
3938 8493
5517 6160
5491 5674
9008 8261
2076 5287
5629 7192
2454 6156
786 5332
6735 8262
268 3876
9498 8582
7653 6165
7992 253
9177 7736
1060 8950
4759 106
2011 8954
2027 6795
3265 6606
7532 4137
8074 5412
6084 378
156 8086
9220 7810
7289 156
5190 18
298 4937
6545 5910
5054 9658
2950 3448
9256 895
6362 695
4373 8001
4705 6689
1629 9065
2362 5647
8343 3651
9409 7699
9824 1314
7985 2303
1774 4222
1183 1385
454 1417
8758 7107
4148 4730
7215 6959
8265 5879
2158 6203
2265 7585
1886 4199
9947 7069
5659 1852
333 5886
8563 1734
1352 23
1857 3048
4394 7247
7989 3137
3286 2297
5162 8482
7662 9714
2335 1080
9226 7144
8896 5011
1012 8236
7805 5715
4549 8600
6254 8552
1367 9111
9866 7434
1635 7620
2715 3387
7227 1290
6107 1270
3271 8530
9761 4969
4903 1904
8355 2812
2545 1513
4539 2645
8173 3887
9316 5728
9309 5324
2259 7646
1868 9411
4969 1162
2658 1620
6394 1984
130 6223
3959 9438
9431 2768
8142 7354
5444 7942
3162 6577
6617 2140
5718 4278
517 8868
2701 3315
1979 1301
6683 2287
4089 9254
8580 9017
8965 6823
7253 7687
5085 3686
4295 6919
291 9730
4254 1782
2058 5325
9073 1415
4154 1481
551 2297
2798 7142
3426 4716
2901 9816
8218 6407
6956 486
5118 9330
4807 3523
8092 6851
7788 9454
5747 379
705 5102
3798 2285
8497 3750
6552 4355
6634 1982
9533 9065
3490 8062
5961 1869
3053 3709
6628 9552
242 2054
7921 4519
6296 6798
4514 7143
4260 8692
246 7644
7305 1481
1961 9751
7108 5433
2475 1063
75 7997
5194 9187
7314 3991
7867 5944
738 5037
618 2089
9155 668
1751 1795
5953 53
3233 3377
2623 9235
7288 5660
4123 3643
9170 3187
9035 8281
6213 2435
3562 6143
3991 8251
8421 5587
6348 2996
8011 886
8378 5008
4179 6430
8632 6902
8895 2271
5334 7241
6460 632
4166 8261
7418 4095
5426 4069
7053 1650
7659 8687
320 6008
732 3338
2447 9642
7651 6943
256 9215
9280 3937
6809 1239
9278 6040
8454 4357
288 439
2272 6796
4254 3227
3467 7013
4122 9497
8775 6868
3561 6323
7050 9081
3816 9971
3262 2175
4295 7702
5821 3199
4966 1238
8826 4698
9325 5601
2756 8774
6057 8221
9630 9318
5521 7267
7242 2311
6895 8298
2841 8329
9798 5698
2590 3233
9836 7417
8184 133
3991 4452
5770 9417
3933 7143
4590 1803
3945 369
7457 7654
514 2899
2016 4967
9462 7288
2341 8883
7589 5148
1173 3554
1086 936
1522 5423
8773 3358
2143 3778
3606 1624
4166 4391
5381 2199
6530 503
8752 6651
4084 3398
1872 1754
6265 7046
9371 9925
6211 3347
2892 4666
1231 8207
9951 6350
5462 459
724 6242
1923 6332
7431 728
8804 8852
2050 8350
8256 8144
1760 8445
127 6337
8202 9233
8380 2772
8604 4630
687 6708
2278 6500
9149 294
4669 8176
6840 3008
8208 1442
77 1362
7029 6245
9686 6028
7018 318
9456 8870
8763 4090
4511 4219
5001 7584
5455 6511
3670 1009
1588 8148
1407 5566
1985 7888
7870 1
7166 4957
8170 6770
1161 26
4947 4896
7374 7466
5098 3684
8490 1697
5641 8569
7920 8981
1620 6104
1150 472
9 5273
5797 9133
1137 2397
2121 6081
3691 8805
4985 5376
7187 6225
9805 8728
5365 6772
6916 5492
6566 8960
1151 8744
3517 2117
1206 7314
4251 2665
1534 5665
4541 287
9903 9973
6446 1238
8968 1471
1640 5571
6466 4505
556 8401
1731 7671
7737 2248
5922 5385
5350 6685
7773 9470
7123 6977
819 7927
1561 3058
7372 5375
7607 9131
7123 3158
8697 4923
1515 9605
2792 937
1279 5787
3994 8983
1240 8408
578 3783
8509 3857
8512 9254
8737 2908
9094 7401
2110 2713
8937 772
4164 5729
5174 7502
268 4131
2298 24
2811 6120
4482 435
2344 2348
8496 2775
5094 4834
2928 1210
745 4715
800 6045
8618 3255
9670 7222
8468 9621
5702 7030
8026 9253
9403 2963
2608 8306
8448 7105
1171 3173
8453 4923
1450 1202
7858 5712
2247 1570
1697 4280
890 3500
8692 1018
8120 1738
9610 8602
2872 2551
6671 1315
2858 2716
2986 6915
4432 8406
9055 2348
4668 4324
7009 943
5487 3013
1200 7540
9528 7463
5039 9692
9340 3124
2701 8134
1495 7619
2221 505
1359 5647
8483 8320
784 3126
700 5030
9068 5308
5042 9292
119 8090
4121 1178
6083 6318
304 6813
6770 8331
2219 93
6876 7329
2100 5210
6633 9174
1145 9288
4637 4781
1965 9658
6435 6762
5745 1070
1245 6121
5365 4859
8912 7361
3434 7809
1533 6098
3956 4889
8966 1355
4538 1720
7292 8481
3635 8601
7871 9247
577 366
5547 3819
8607 6867
9729 8351
7197 8878
8597 8837
4201 421
3174 8575
5533 1502
65 5546
8456 6702
3985 4328
5345 4108
7344 1436
9195 184
1948 9626
4804 7279
1257 7698
6209 4275
3 8095
1924 4797
