300000 2000 1000
174533 85366
243736 105845
206644 129944
182042 206463
71806 176768
163356 197766
227933 130674
3632 153914
237205 36003
159141 158641
200317 211060
145453 222679
122231 194811
91102 104208
71147 219048
242384 248344
138076 115738
11805 56669
228323 206117
145333 22924
51857 196607
198149 295828
74204 283717
139123 194862
289054 261075
217874 276356
89369 25748
225832 246674
283179 134842
190153 208156
110574 54620
111820 20827
152479 18989
84161 36206
255257 97556
88884 22280
285300 154564
118519 234975
56790 148526
51735 208136
748 33305
246461 8193
98077 112082
271971 298348
71181 778
235760 91986
221341 198696
96033 114190
208632 221445
14097 165264
256577 118657
232371 270668
20114 267476
61953 279681
121303 135332
226293 218398
29414 223781
11951 281920
52246 26221
145487 105897
22908 260386
77452 61544
83488 28955
259057 282945
92488 98274
277954 11704
48852 157303
216262 58326
74169 5437
216726 277342
141367 229988
235810 162768
156393 86758
38384 169303
208768 237442
263419 20016
279126 72186
298011 193623
89170 51882
172717 66948
36288 184450
662 38596
244747 252034
244267 288487
100255 110122
21573 1064
38300 5149
214332 86840
235204 24908
220693 8951
120288 296318
259180 215584
151112 89450
87705 48028
198789 166147
192458 63540
17704 179734
281334 13506
90398 127440
185279 107323
289245 178486
140323 110651
255485 80519
105334 9893
217232 12075
102683 275322
260153 125986
202444 96701
138767 88759
183453 178727
134600 150567
126812 127332
56323 28378
271914 178183
91782 2106
72308 223458
49946 237374
230997 258581
162841 157873
146126 207830
56728 184622
241225 185734
273748 141671
23423 279891
110654 53996
58903 223322
139020 101054
99270 131317
19084 8418
245693 184817
27025 164750
223450 160853
94658 282668
45831 127241
166648 195277
77954 81520
229863 189139
177193 184292
76681 136160
77323 79730
215876 49528
19155 57820
297658 105138
293410 290122
65472 80250
49233 91289
179996 174219
103940 178145
158287 85354
245988 93086
46545 256346
215574 297472
180459 102443
257296 193412
214472 18050
78131 291989
278040 18211
234444 145123
233798 213752
80959 257611
11277 102125
192965 158851
4102 180899
258669 258299
123914 58170
176031 100628
106207 291438
214508 217183
142656 238252
55693 271065
62460 155873
22141 286505
19911 99303
39173 296247
287047 79267
181781 232450
4248 235536
25621 71271
154569 4575
137785 128816
94805 252359
188826 116365
58258 108006
97942 230098
191548 235339
83433 266091
77960 133115
131820 70754
220043 215803
179484 285389
231856 149225
254881 51580
116820 82974
292635 8795
141893 50232
289063 70550
45291 79666
272319 30955
72100 68159
19138 158834
195428 142763
160895 88791
68497 26021
129836 89075
58170 58536
97312 5842
95766 243040
113140 55339
135154 113170
98473 225277
186837 240551
96236 133897
205555 289005
265677 46894
81545 131251
173032 206825
205635 18518
146097 5621
298453 277582
277666 96114
67306 174235
222980 99378
285753 32358
186067 85200
251226 291834
106577 273120
56953 188504
299319 113096
54687 41857
277580 66064
230244 288847
288625 21588
168960 140399
249054 60554
196764 190899
197946 266236
282636 33956
236271 25634
4210 257528
27084 230733
270601 1761
90757 108611
148893 12202
281662 16394
220568 212553
167800 183252
7921 182380
63959 536
292379 215949
240461 97316
176441 135915
195694 131685
249098 153012
201841 43104
281846 27319
173723 110526
149654 161691
232229 237049
170160 178052
206097 171452
272134 134979
128378 59460
59820 199039
180858 277825
169981 222714
293970 298807
205515 156473
292962 287776
1823 151090
125662 242818
170857 14999
128734 234756
23630 13547
155910 173687
165861 241597
84968 231133
85112 142493
32081 54881
175548 149910
38608 193003
197059 179501
144679 31609
4121 203044
196538 178101
1247 198683
169724 234859
159373 195425
68232 193723
18129 35403
200645 45573
68269 25484
211296 180014
192928 232315
56863 125250
206087 279546
70540 59650
275247 4973
297555 295470
239118 201693
266346 167227
17724 874
164538 156509
247910 124291
264804 270470
45467 229835
17489 153999
122469 30245
188619 143021
239859 103522
16150 273885
252440 282326
135390 98810
139189 18396
126180 79575
270137 154326
143443 95529
83689 195018
165302 263826
244230 38417
172900 258040
71535 210901
234463 124223
231697 232669
165232 144481
265130 225120
283907 41548
131500 215295
105178 283068
66094 144004
96962 231768
179946 226252
56935 258708
140472 256759
265483 184567
155987 270957
197413 41603
228554 106408
25273 87442
29431 167461
131131 275359
13133 132865
148613 157320
138639 260719
85295 75923
90224 264164
81428 40052
247647 124434
17793 74276
232660 133620
5252 104497
132651 5297
36034 147701
104783 117616
50628 101003
29423 67128
269028 117456
298937 274234
115359 129050
249814 39145
177367 138082
243972 94062
93657 5793
115653 171260
9454 50649
177781 213468
10350 84664
182010 138409
176871 166061
144758 249970
254251 94267
18633 85007
268066 148633
188026 47294
252680 230578
156232 150787
280613 251477
263983 219650
108840 80760
250469 285267
43293 181213
209498 16058
131380 233954
192545 199150
248920 52583
195828 68596
216668 172042
266507 111036
130309 103796
132255 156252
17458 9193
232059 166631
117506 112785
176465 127089
87298 120311
122804 122772
270949 30826
34834 135214
213625 226245
198095 259807
135889 86894
210067 46470
248408 118458
104732 281688
283917 63871
294689 217768
232347 165887
45036 145768
50874 222175
216739 167128
245286 160345
152660 194441
257654 83745
93681 96884
244848 262410
69877 68086
137029 1723
195543 255466
255880 234949
130162 127636
156564 116703
100628 199487
196935 219513
242209 239275
113927 204621
59079 120658
72098 213285
174209 202394
123010 157632
293326 188929
299498 35428
46094 287484
18045 115932
67221 293653
278549 3484
96996 248210
65406 207179
65561 297066
78724 269631
155764 225196
137275 201829
259722 79560
110248 114946
219299 293411
208992 267020
218984 263540
124706 103019
213 218527
254855 64517
220497 46516
234759 130552
219787 20996
277439 35710
93806 44962
291317 229849
150755 113359
106396 207876
85510 122359
194173 150845
52208 145206
166572 258709
150589 59297
91589 163385
277903 42530
219008 58304
256164 141971
158585 98251
82161 287157
76252 117667
267793 207501
145039 289025
33751 2209
215700 176796
216405 89502
228354 225209
54981 58126
3703 268849
139802 270813
296286 289227
218757 37166
199737 64114
36223 34491
79779 118090
195477 282901
135469 127097
154263 131813
19464 201559
113314 233524
139110 97590
274019 82463
75817 146801
121861 84086
132934 274595
100880 142979
234265 220232
64605 219379
266115 186808
154275 196568
221522 228272
121200 157834
150372 214007
271050 204072
78948 171291
133519 128166
20390 6551
287367 113760
221289 211774
43890 174092
34427 1192
263187 258336
136590 228135
261683 105245
94129 239232
87383 26897
15744 135441
114221 256552
3942 157909
240519 79077
270564 146798
276869 133538
253872 164533
201091 16006
198877 280811
204445 54347
106246 268572
12260 274451
239426 196623
82290 42762
227343 97087
231703 230188
89558 152973
201654 153759
128128 237586
100973 200288
289779 79775
166145 26679
144652 120656
171 149820
8637 1283
232951 198523
124796 58304
104264 248047
185082 133877
90831 81120
237023 248603
91779 130941
103703 101594
34037 77975
155466 224333
230196 283839
20787 86236
53433 153395
29701 37507
133623 220843
38338 25873
216110 203873
45534 298107
106705 268973
66037 170053
231472 16331
86374 201382
233930 212239
61466 230090
32096 181404
240072 126481
183534 281241
115848 138098
255190 213932
89788 94550
11092 38111
179137 172322
274424 278614
146331 286732
155732 192570
270900 219184
192831 22145
90666 218385
283819 217534
282266 299643
151472 131392
257567 16501
125281 173993
130252 129184
248613 18911
281614 104026
161474 152203
6109 8122
45815 125950
10778 20864
67145 61067
272783 33889
241293 221707
165923 17745
48011 51143
192914 150126
2132 62254
47145 220347
238146 176512
33030 263531
221087 224181
124161 190114
203061 236755
208690 149387
63657 188490
95573 299760
251658 211202
279130 49066
200055 3258
279358 54834
88009 43313
260222 43393
285408 209855
162181 178178
174675 95941
271608 9430
288074 241752
164704 128420
156765 149974
166024 5134
21327 262385
80256 121336
162212 284334
72464 219298
170071 33072
264712 96465
269461 137281
115971 102805
229031 214447
154896 265446
8094 51250
36349 296801
234805 190231
271681 120821
129176 129569
34674 39793
278729 168084
99163 103761
42194 52006
48543 63074
134683 20598
132604 185002
278413 26558
181394 76491
226202 156759
228360 247586
194367 299526
138818 18319
173124 84462
18789 46951
153179 191728
119057 172589
136431 49869
73856 133289
208187 73838
223124 198293
103526 294504
55974 267559
62338 44823
299909 282590
260991 55803
291386 110284
296427 25603
160037 133624
112641 188205
53395 297939
256365 138531
82382 160856
213550 151556
99954 148375
240848 132110
257341 136770
28377 93288
221663 186057
121862 100317
33516 32738
232715 197828
178165 55811
148529 273837
15574 128650
119332 94266
138635 22289
286474 202327
280366 105393
130071 16623
221440 213001
236792 229826
284639 81823
192024 166442
159100 137570
20665 218097
170404 181614
75910 106589
190052 142616
236757 5061
47669 187515
234476 16322
286770 189626
21610 144126
130219 192060
139382 79288
258679 220349
81496 18279
98820 166178
199382 5872
80663 29521
12740 19309
216628 281188
18895 288181
67742 186542
191071 168479
187978 53311
207850 298110
156648 220744
104595 264835
211888 162574
147475 64272
40146 267869
6434 179420
60315 94620
52694 22456
289743 179028
8819 57786
76846 10827
233097 22088
98551 251410
23925 123077
53001 249288
37612 102610
228888 104147
271093 178903
232261 152011
52931 274308
69 7309
256869 118728
270076 173140
101751 40514
152624 278963
237927 189352
202500 251663
285753 149968
239998 200186
96503 194349
117322 266437
276563 139362
494 257979
237817 70631
128307 242275
149841 230008
229232 204603
27841 141843
200496 265929
291777 175753
212488 239484
30626 114588
258764 185404
164902 8592
209837 179137
76474 11757
38902 236664
213044 116805
256271 156533
185812 149850
289700 274406
92561 198816
57787 272362
137390 37713
16891 180104
287013 45344
256121 270521
285931 214394
208805 262538
176867 235606
9440 19471
231456 58083
146603 243526
258847 248854
195700 203745
226702 175118
147613 4510
44023 16856
81408 22114
38928 165607
253368 95908
174911 295547
174511 69607
64496 85278
168517 251661
24048 8021
194756 81078
136428 106232
188121 297705
200659 159943
151011 170427
7307 79304
261931 79161
110926 23122
145590 194651
202476 55625
106396 164577
233392 210468
67743 27243
97685 231985
152429 68599
222222 92704
218519 267246
136424 65946
67972 274972
210756 208981
271685 53515
129064 85009
191595 159993
283674 125082
82142 13130
109879 258584
243410 77894
32595 283145
170787 145267
139149 286626
56075 27914
206017 282857
56652 16793
35700 59456
73924 74979
177740 93979
190488 10980
148175 102860
239393 72904
5506 53576
199759 187479
35129 220815
54723 273060
150832 254349
123086 62185
94530 59223
68453 171302
81900 29010
210521 142562
39847 227713
101717 65506
138945 39379
200413 177225
171387 247996
155689 273982
221400 28859
284118 207966
129597 67705
167819 85388
82103 158203
96644 155548
266170 32262
146805 153244
246047 243810
292729 172808
88245 252911
245211 279094
131821 212490
90178 284061
164405 91768
234538 197613
33619 134682
135656 208953
117615 223396
143953 285187
258182 112416
15773 158335
255146 290576
64280 57383
286292 177195
79849 229024
284945 193454
100491 190314
283635 206639
299510 101941
232149 209088
265045 151074
176952 249092
208127 241362
226297 165063
72324 136707
132813 51655
74798 135033
178595 21332
204036 8930
101398 232266
84489 228493
80963 137994
66031 123730
85439 3260
3001 131651
119189 279571
126931 32015
201836 111551
11727 58832
192727 13942
285624 243574
129910 163846
65030 6897
88671 249620
216261 162097
192711 97514
161231 124123
290587 47549
11208 146231
12852 230530
68059 186258
220921 50383
299500 26809
146434 20216
163811 44449
81492 42313
17231 97798
5969 247997
205947 187969
208407 291330
140523 254286
51453 250255
126656 160406
21569 85207
200709 170869
158269 26782
182535 221890
97029 224738
100373 159701
56019 66871
269391 73968
159189 20391
297599 120383
106115 98190
230230 172562
132654 142158
71040 18805
89802 181673
259021 122184
170271 64545
169391 153516
14625 279352
247447 213636
77057 97790
88514 195028
197312 253801
219613 153415
47631 138988
220010 192708
181216 34347
194445 209278
122661 292002
16511 104425
79078 99405
133838 239413
254119 298874
87093 38380
266960 97389
248743 137459
186646 201535
210546 52988
132695 121640
252786 4819
105856 20490
297554 221515
70133 69801
218601 69221
80704 154640
28516 295627
202054 44499
250876 197844
35699 122349
15135 120169
84924 222426
185959 25958
111174 147657
42800 132327
158723 251105
150829 62149
256708 209616
47207 1382
242528 11671
196482 42059
164445 126165
211896 42100
10540 231725
128898 20271
72466 12035
125238 129389
285525 70589
39422 220958
157365 77063
20542 70203
153947 250793
123364 220733
119918 174892
11694 214654
120176 80707
228133 134636
251548 212531
127537 79062
138174 72529
207742 33029
105638 35528
65110 189349
171109 185253
168877 50155
141678 33422
229242 142122
128285 157554
92310 185816
166724 297184
270917 149328
95400 187370
281055 75187
59225 75737
269137 250198
235601 132163
121517 111989
132847 233770
279335 150110
235834 113951
169964 176837
289050 61863
85854 295118
207903 33299
88159 2954
283412 275532
217296 2659
121002 283396
66169 223112
245179 261387
189079 88251
16616 80726
178484 109509
188479 132776
78495 219329
231109 12054
150716 16264
15246 31452
45719 196021
45876 220595
122330 112216
215659 7160
139447 36308
161050 175252
236616 220174
20806 204667
162028 143685
237646 286560
291812 118986
249618 81109
290898 83663
8806 51551
226298 90229
236780 29174
170518 270511
235901 183704
63385 117960
142783 76513
146020 174007
214876 74043
95816 186589
230912 215515
171978 190499
57338 187473
252462 101155
203558 253445
45921 81789
172661 111079
76622 239745
177537 14478
17458 7093
156863 37781
260569 123662
117832 245561
43761 156849
260136 198287
183117 158083
84790 6150
271117 21723
5313 228649
52136 270248
287737 254693
207760 97809
2751 187468
3172 172620
131554 140326
144343 223862
11856 949
19775 227760
33419 224294
149188 2553
239330 58954
118174 237240
180144 168066
248021 164915
39522 252255
43859 149815
275010 60047
132514 290855
193011 171856
14682 250113
183966 202808
13733 3159
258418 182616
294414 181203
147023 224555
51487 69374
277714 67505
39293 91404
286357 287515
226450 134984
209105 160309
157279 148648
16783 231131
104983 2326
192472 296606
86621 202975
203131 151774
42938 277846
46844 247411
243491 178602
174754 11246
34224 125559
296702 85221
37631 22807
239174 299245
230053 249069
11495 56308
130767 281827
193148 78267
47323 82243
8191 14784
159553 186643
182962 49267
22678 190055
113633 246931
46386 40983
47161 293612
231803 41355
196390 139470
237381 95253
127863 153714
214764 90829
288276 149068
158921 92061
70296 58990
126466 262031
167076 268380
229865 261364
156006 13687
64741 104848
244317 246787
76015 159950
86677 81760
204732 55814
180323 204142
204023 298297
145534 201426
154595 215180
165006 88494
209453 256177
83142 21866
36333 177048
188039 135216
200148 283675
245425 201490
293052 296320
48336 223395
156471 108838
40877 110561
216010 171967
5149 97538
273517 189127
94249 71948
40525 297284
93859 257592
45262 186590
253573 179671
128434 144820
216016 23225
172756 129224
73139 142733
283899 298688
20295 150921
115357 85818
153987 228604
21300 38657
257669 272378
245085 193863
44171 55091
82583 273476
4569 175332
176510 233584
212162 284215
119360 43641
139751 191501
291623 96642
259848 95513
162187 91392
280116 23593
181348 248718
101666 210417
164971 64386
39478 213751
43099 295958
271738 55368
164787 296933
203609 156853
203470 57567
119302 182590
19395 293863
101049 178235
88755 288827
156451 240551
92908 9871
74512 45695
172534 136556
235260 183678
298305 80229
107045 256448
116672 83004
52022 115418
298824 176562
59377 22956
156188 203538
134610 150992
257860 273920
221874 199146
276352 185755
162117 140635
251817 112765
89887 276766
48371 137453
130440 174717
95381 99186
84689 278897
16102 145594
108387 282885
164191 92426
166819 117002
113224 155933
46573 46303
54557 92093
70157 73060
91858 157441
172549 157261
259420 182518
131325 71332
175421 7727
164181 107500
90509 159840
171311 166386
112823 277794
30930 298290
265164 167373
142242 68594
42554 124787
231583 269948
40504 4958
240994 25608
276156 266989
121868 188875
189340 188149
258895 128177
19360 114645
234194 166183
44599 23500
220523 211232
140804 2207
102947 47920
164247 188471
143716 81324
136863 141900
174849 121282
127357 92172
210716 217174
198542 292965
67162 237990
90916 170777
209702 23248
249464 205295
88050 30727
268719 92500
31569 170835
236213 199091
35125 218172
103704 159614
258611 77212
23327 98246
229279 230648
74450 213935
90358 132669
58087 106931
139969 242126
756 8180
178906 205584
84549 190860
213065 54466
145055 22550
158834 273624
257214 70110
234102 296974
60858 146715
7606 267754
46692 245420
172321 200111
191396 291540
239089 195751
218320 113291
27718 111274
18662 214757
74893 45102
251453 215795
258603 246261
184672 6734
222216 238252
197236 76931
238912 30094
228250 181897
206898 206148
238848 194480
146171 110775
161033 155177
136394 22211
175049 252282
231610 205212
252148 59026
13871 274409
120428 229257
53669 151277
90690 87284
55778 141434
161495 36311
267236 25001
202095 167738
260324 112903
103046 18785
79018 266436
117906 147242
126365 235976
162860 282265
16570 227207
211 210914
18611 68019
286771 234225
91957 131131
77831 220207
67198 189690
3679 65322
250895 246042
276289 138502
142604 18626
171284 131802
137596 9371
286508 143917
45952 131644
96825 229662
241829 244308
290226 298570
267396 98407
154075 187788
235087 221593
233578 165544
167371 115455
224810 233359
259943 265257
229469 32451
185304 108082
63798 248729
146471 231891
236793 192703
236304 33652
249425 253052
140516 251070
211283 192530
27365 111555
153931 76709
58140 38526
190612 8015
91736 154432
295742 31260
209593 26988
14479 180183
65106 290440
59608 229558
32716 294323
209768 43361
83182 71147
160542 60580
13935 213548
208003 134874
168370 167
250494 200650
116283 21280
119915 231024
171162 132671
145677 22415
52458 70107
91783 84526
59299 140579
211071 90395
117772 76063
277211 178253
39777 105931
48111 278696
294264 23244
110732 43472
262946 256566
259706 188214
90518 187920
83437 156390
181159 105833
178400 287617
82671 41515
98914 190734
84950 114037
140528 198396
44807 44125
232514 233602
144005 150911
97586 186328
217477 209186
131564 139452
109720 130422
162540 195355
137590 139082
156542 55927
231688 233977
226950 299326
293294 10736
250751 286321
24850 92964
200676 124818
28669 239109
197829 145169
288919 241851
39153 277987
203045 59707
236139 138732
252789 152323
169047 102431
197984 237482
49692 71541
198413 173537
118393 52122
2610 108963
254722 246486
118691 235560
249719 213940
268296 112868
230978 282974
269725 240617
152879 223368
245365 49506
77910 64312
203907 8143
279751 47098
23770 108728
70614 125994
83689 9715
165056 61816
22449 16770
69915 147946
55848 55530
69097 77464
83279 41068
154306 49672
205455 40478
258596 180200
108381 267128
199478 214535
288345 217536
126373 238500
167052 165222
126390 63657
26156 252220
123375 288982
6732 117391
188523 125804
253404 44292
284809 187105
67102 274570
228875 3178
140734 220605
107285 277510
85312 84996
59728 143582
103052 209923
118819 202048
156469 131877
144769 75203
53215 8922
226204 230867
250015 281949
202370 293420
200369 5398
151248 247245
242636 248113
75275 207933
159502 102074
133723 121621
181717 290215
145588 209009
69958 140984
85884 211466
85086 44620
24319 157577
251956 222163
121075 295113
164611 38720
160322 125895
88775 285625
203858 103865
124814 12890
167544 70082
228139 177041
38677 97277
207416 196993
47447 182609
185048 181680
10976 107187
255070 175421
90659 179556
105143 273239
115460 26623
229513 248830
237906 108495
126652 10710
98617 18818
9104 226886
136940 211118
241720 16906
142772 31886
21413 94454
39236 66104
44325 130643
234757 267932
220710 223680
93438 63936
139952 73442
155246 62785
202250 11103
278001 252267
164800 16511
28713 275829
149523 214323
188017 225372
175599 247268
14120 102242
265524 12696
31774 230290
145343 5320
93205 284146
59945 5293
24403 152933
149586 85849
38049 291783
3734 39330
109987 168531
201813 216705
57512 73783
82620 124320
102990 12732
194514 2756
209252 255485
85485 60282
106235 156645
71080 145302
299327 262105
261950 72684
38372 257193
70344 70626
298276 269703
142815 219864
54351 191850
155426 79924
189161 261997
256686 146260
95357 48400
98539 223688
108105 17974
112216 52999
274061 131098
165691 59143
128805 232721
85592 287870
38439 95730
12573 10910
172173 97687
129303 279533
33468 160631
145458 25451
187372 209478
140820 14455
5016 240912
35680 168857
182787 174693
109578 145494
254171 47751
114342 52342
140947 55762
178105 105753
291168 142334
147865 242269
256292 267494
101817 25492
36072 224733
61308 37110
86985 133589
68518 43696
90764 201511
16663 46613
227190 168818
76786 246183
109204 291676
48991 219518
245252 125747
95377 238496
153925 113026
216625 137662
31109 25939
255919 174173
79386 232750
56911 218680
233530 88051
232954 174835
51969 211992
241468 169366
87597 22321
165499 27602
230691 70757
61627 185726
101650 33201
207782 31679
12569 185376
196436 189073
293719 150208
165499 291022
155615 54033
24970 206961
178005 169174
225010 39092
3755 143890
76352 101247
264922 138633
294455 236407
257106 156024
207948 107664
93524 225239
252222 93444
135450 198298
151194 126065
54379 286169
225794 286925
125086 291716
148902 111247
132324 126771
152405 199885
195078 219048
152731 89792
220319 276658
293762 100573
194540 15612
214718 191962
6525 15257
287124 203981
103988 230819
136448 60576
130540 121295
48100 96160
154503 185999
72451 246673
22636 57880
177885 133493
84444 131393
203456 187575
114681 245043
257050 237244
189034 280783
51862 181771
242706 179753
271274 266698
82150 221016
20677 19784
11661 133355
188028 174605
70574 902
136414 164722
110783 58109
210674 118388
41558 196740
135824 269184
284475 134479
218312 14892
258788 170317
256475 42300
292004 157242
277046 105130
211301 80905
95564 212343
64403 92662
118076 247046
24705 145781
122762 122283
114530 53961
154751 122356
67004 127712
200162 88647
205107 289161
285910 257982
294528 126447
122627 3045
59180 162480
123083 103399
3043 179865
3347 220513
16240 56923
113653 52406
190933 239507
287508 19644
232418 105322
175110 184256
203008 265522
178540 16296
185083 132889
94928 294121
26297 225093
146982 242843
190348 49697
200699 72060
80555 242605
244157 272502
261970 90849
293090 170462
212179 100993
162413 67157
54997 270348
258842 277840
295225 257776
206657 133246
161375 211452
20581 189099
61433 194394
145972 152507
110650 172080
173144 240694
194075 299354
205759 167258
148932 87505
152284 295977
103071 218521
240034 95508
192804 159996
5417 223730
115404 231181
13660 192572
111995 167741
78184 238832
201782 3385
20974 255842
53278 130019
149286 133418
247756 292759
145884 95884
75169 247386
204746 97504
203181 9427
112298 114345
96399 295675
203982 185032
117760 260283
192410 228166
154134 280466
119757 14406
228022 202613
228946 202046
162834 298938
52210 67502
256837 268335
162387 183510
134073 122153
212049 254233
274144 243667
238343 53569
71835 183355
70296 287220
112445 126712
49638 16161
244288 106170
240073 291213
19981 118244
9882 105840
60802 48855
75666 92133
261160 60773
108751 53419
171846 100203
252850 171915
234449 185792
104390 61696
276897 133408
24407 129411
193432 105042
276167 234803
256348 278166
194276 30431
53035 8322
293956 144228
7837 199379
290285 291678
83740 242706
58108 286709
131195 179850
159882 186948
108918 267793
238710 28777
145961 135046
74272 236348
41729 166125
57891 142083
190239 108892
287116 163942
208239 34347
49260 283957
11411 89641
185546 35125
150363 382
170791 63403
167878 9311
131797 22042
233300 41851
270643 43888
267687 56019
48832 201085
119650 120418
155918 288472
167907 209586
288549 42093
146745 18331
43204 133371
141396 262544
153190 65634
236220 186253
92239 132483
170541 160031
256399 61283
6596 298444
175793 154718
245055 195793
151879 232199
76814 209481
12134 165938
58861 233099
135168 228148
19606 3536
100215 272793
14028 135487
218874 294611
79998 236953
279942 45818
105415 81228
150347 39447
156341 130517
95312 197377
172869 227089
191581 194839
117905 33468
69851 119212
296001 276411
247657 186782
294192 292628
156543 82448
283217 66712
18413 80141
83876 196005
282263 69624
127823 291764
65450 20982
114701 245416
31093 284423
247011 123208
242857 153614
158513 184655
280078 32741
224601 85494
97771 53930
174103 123471
55711 79440
4620 81116
207127 102789
286386 4321
72228 217335
134400 22835
247322 44843
55455 127671
120441 140539
168706 44826
210431 217308
135280 153419
141340 36855
174547 180135
171653 266554
92108 222652
132381 239228
90679 132927
100469 156701
265091 150995
292487 97416
213976 11855
147967 144035
3912 220733
288273 261015
67757 292962
42930 281913
113888 276342
289549 47026
172809 206143
57740 74562
174949 35858
111217 82814
25893 50099
11656 202655
44900 20023
93149 264468
235273 276769
263600 88955
65863 256639
219543 114145
190988 211036
133845 4917
157377 226695
234325 160377
58035 88167
22004 186231
50362 140455
226000 96552
151863 196771
21672 57628
73645 81180
137320 44358
64971 95345
232507 137073
200482 176967
145344 90946
128600 233350
102569 272255
258756 66672
81990 47894
104168 122230
205710 84691
22054 122337
106516 297352
270501 1224
51242 199051
206834 141765
64559 28313
205020 209055
26246 242511
38294 287697
88240 33401
189229 229823
291707 270582
182881 179705
209456 195481
29976 77639
95259 10025
66775 240720
265206 99506
87068 264922
189538 138832
141980 1540
166489 268853
38291 73410
50544 260410
111960 95575
172312 10592
237996 257551
50610 104345
73421 120245
55384 46811
288112 38930
273189 264069
279033 144850
125543 105441
207630 168105
286178 84666
181627 135313
246924 142469
27695 84606
288734 45406
144691 89636
288221 1002
11821 197459
205244 148620
38868 143008
58007 155076
145163 89067
91948 35385
272406 282053
195792 26494
178060 289973
262348 33594
237740 53172
180721 285087
214461 248665
