100 2000 2000
81 61
84 85
23 29
78 84
24 12
50 11
79 9
2 26
58 64
20 63
79 63
60 36
92 9
24 71
40 1
35 50
63 9
83 53
32 88
66 75
16 79
66 3
71 49
17 57
44 44
37 36
10 95
93 89
72 69
52 38
8 41
17 78
82 78
18 77
1 91
0 52
7 73
47 74
23 98
39 83
20 83
71 26
32 87
21 75
23 16
96 80
0 0
82 71
55 37
74 61
62 98
14 72
42 17
36 43
8 20
17 61
28 55
42 30
72 40
57 68
56 6
81 21
59 39
48 28
57 25
44 5
65 27
45 69
13 58
38 58
85 94
93 65
96 34
22 34
84 65
95 6
71 93
40 17
53 71
51 19
41 73
44 11
4 15
61 45
97 74
60 32
42 21
14 47
28 72
49 68
22 52
18 14
21 31
80 38
65 20
27 64
37 40
10 31
64 54
38 88
28 76
64 81
16 55
83 49
72 37
21 36
70 34
6 39
77 19
28 75
50 39
13 39
12 1
1 14
20 24
93 77
49 19
33 19
43 20
12 86
28 12
69 12
39 22
50 98
52 27
84 80
70 73
60 72
7 82
14 16
23 95
86 69
35 5
48 33
79 42
68 8
99 34
84 21
65 18
48 35
6 26
99 1
61 76
90 10
33 58
2 99
47 21
66 12
59 48
99 49
4 11
95 97
85 11
82 2
46 11
23 88
19 38
91 24
79 8
58 45
85 20
77 80
45 3
67 61
60 16
39 63
31 91
63 54
35 46
71 98
39 44
59 25
45 53
40 94
10 37
57 44
43 13
63 23
72 87
20 29
62 15
95 2
68 32
30 41
17 21
80 87
11 38
21 72
41 48
34 98
82 85
80 53
88 74
65 64
75 14
9 60
82 84
69 47
14 15
39 90
0 28
49 29
12 59
1 36
18 91
6 37
71 96
65 22
7 88
95 43
76 16
80 44
82 73
15 66
83 90
78 42
91 97
56 58
69 0
55 89
37 90
17 56
85 23
77 25
54 84
29 19
97 53
93 15
34 60
80 19
26 96
62 84
37 60
26 28
46 29
20 84
26 69
44 86
7 20
60 40
24 23
87 10
36 0
80 25
72 42
33 62
21 66
2 72
93 49
23 31
27 67
88 79
90 20
12 29
16 11
81 59
13 48
63 83
28 92
98 83
89 37
7 77
62 65
43 93
80 91
17 67
59 49
83 67
49 26
75 13
67 49
59 8
54 92
39 71
63 20
32 73
67 17
33 86
0 68
18 12
6 60
24 0
69 84
84 31
76 62
70 37
37 68
37 41
17 74
90 43
14 55
52 23
79 18
56 51
44 32
65 82
72 61
35 39
85 77
92 22
67 42
4 49
20 12
36 6
96 19
56 28
52 35
32 72
27 89
13 17
95 77
40 53
92 44
58 4
50 65
90 64
70 32
12 74
12 37
90 38
20 40
64 16
46 41
19 27
93 61
66 34
50 96
33 10
74 77
70 30
61 10
33 47
40 98
73 81
92 35
35 70
24 84
82 25
24 96
11 85
80 39
21 78
52 7
31 23
57 34
49 39
75 51
29 46
16 49
31 60
47 35
0 92
70 11
49 22
13 60
88 6
8 66
76 43
53 98
31 26
33 1
50 2
66 67
66 91
21 62
65 79
18 16
14 63
28 21
19 30
93 86
33 16
58 47
97 64
30 4
90 14
99 74
82 40
68 3
81 90
10 1
60 80
20 8
27 97
77 56
51 24
83 73
77 76
1 60
0 58
58 22
11 25
15 78
85 85
10 73
43 44
3 49
92 32
84 19
65 4
82 68
8 30
7 1
26 18
98 54
88 24
75 47
6 56
36 16
54 6
31 9
35 35
57 69
89 60
3 60
93 90
59 51
53 72
91 63
1 73
11 56
38 31
37 26
68 98
2 52
64 94
53 84
79 76
57 73
88 58
14 52
55 29
27 6
3 63
35 14
45 96
13 62
79 58
5 91
12 62
81 49
33 25
3 46
96 32
52 51
22 62
52 40
50 25
28 60
62 78
80 12
99 63
46 52
86 85
5 30
86 2
80 94
52 20
0 93
25 41
80 54
76 24
41 98
39 76
26 83
26 59
15 70
45 84
25 88
13 20
35 76
42 8
14 18
50 62
47 94
31 8
75 91
26 7
49 31
20 2
56 14
43 50
13 50
17 2
84 12
84 90
4 56
89 68
94 92
47 87
79 15
36 52
71 15
8 5
60 43
74 18
84 14
24 86
44 71
97 30
38 27
33 73
16 76
38 13
73 9
95 14
56 86
92 99
6 77
12 19
13 33
41 61
14 30
37 61
98 50
49 14
91 4
91 72
43 63
96 46
9 70
25 85
42 10
78 53
9 30
38 12
87 87
63 84
30 45
47 30
40 11
66 68
83 69
71 94
43 68
30 16
73 99
1 80
72 97
6 65
5 27
79 24
36 30
73 12
6 58
51 5
70 77
71 58
83 72
52 1
3 14
19 19
37 28
10 14
15 39
31 2
67 84
36 1
32 84
41 44
5 5
5 11
60 85
93 51
80 99
0 96
14 2
81 48
98 81
57 12
54 25
34 30
3 84
56 30
53 21
91 99
73 28
99 82
46 86
56 7
42 82
21 93
59 10
85 27
42 0
64 7
66 77
15 77
71 9
65 28
97 81
91 34
15 12
48 62
21 3
97 10
83 62
61 11
29 75
98 73
12 76
89 1
6 93
36 45
85 80
52 69
10 76
97 8
86 34
82 75
43 4
88 25
72 81
49 17
1 57
29 30
57 20
50 64
24 67
26 11
58 48
16 28
70 45
89 39
74 36
54 20
85 0
24 59
54 18
23 15
66 87
16 29
30 39
50 93
22 58
25 72
37 82
93 12
79 61
75 34
63 25
35 67
72 88
1 24
57 63
57 53
14 80
25 17
96 58
25 71
76 92
91 30
82 38
61 9
68 81
48 21
35 10
76 39
57 27
85 59
9 48
12 77
52 37
81 19
55 39
28 17
60 9
36 17
33 14
61 2
80 15
63 30
91 77
79 26
80 18
51 40
59 88
44 48
60 47
60 70
44 50
84 77
96 54
25 70
40 2
26 26
31 24
24 81
67 40
13 32
38 86
52 44
83 5
77 9
31 64
44 19
38 5
96 11
68 37
65 57
66 95
41 10
48 47
85 74
25 66
5 61
85 87
93 0
14 61
74 32
34 9
71 23
98 71
53 22
15 9
55 87
25 56
74 8
76 64
64 37
87 67
75 7
48 91
31 31
30 74
27 48
42 57
54 26
83 14
87 55
97 18
72 20
84 73
99 91
70 60
70 53
72 11
89 18
71 16
80 73
0 84
33 34
31 29
34 12
30 21
98 72
98 59
76 96
10 57
21 69
11 92
26 44
3 64
3 11
84 58
63 97
44 69
60 10
54 15
23 52
71 27
25 20
42 64
61 53
78 50
8 23
98 62
9 17
38 61
34 61
62 25
53 51
24 68
78 59
92 47
10 52
13 30
45 92
86 76
77 99
66 92
57 94
22 67
87 47
52 28
73 55
77 66
49 99
55 9
19 50
54 78
91 96
48 83
83 10
33 71
32 93
23 96
59 58
20 99
22 85
94 57
39 28
20 72
52 73
49 54
54 10
30 90
45 72
47 68
93 92
50 9
28 62
16 33
70 42
9 40
79 33
84 98
0 35
35 17
8 64
40 52
39 74
82 11
91 83
37 58
50 6
89 50
99 61
81 18
20 49
50 30
89 16
17 50
57 88
66 52
28 87
83 15
11 34
9 82
32 26
82 46
22 7
99 51
90 9
75 25
73 34
34 85
78 82
44 45
76 63
70 97
91 36
38 35
44 78
91 5
3 26
88 93
92 70
75 50
29 28
2 73
10 58
26 35
32 74
82 83
89 55
27 43
40 0
23 50
24 60
93 29
23 0
15 43
81 77
84 32
0 8
4 59
15 31
89 27
90 85
51 27
27 75
95 12
29 82
89 98
92 26
14 74
4 77
55 0
50 37
24 54
99 0
36 49
22 46
10 80
16 14
88 70
99 13
70 63
12 44
96 77
82 18
39 3
77 50
12 15
64 88
53 47
31 92
41 50
99 37
9 10
72 76
78 68
4 85
64 40
12 31
8 88
80 41
67 52
73 41
46 54
15 87
14 31
69 56
10 21
43 12
55 65
76 5
73 63
63 47
97 63
82 28
79 30
38 14
12 87
7 75
87 86
38 91
78 6
55 36
28 47
47 33
52 75
77 52
23 61
40 85
81 91
90 26
95 74
57 66
71 54
18 76
84 76
81 67
53 76
44 58
23 92
12 17
89 82
23 4
49 89
2 69
58 67
81 40
93 70
27 30
97 7
33 21
48 69
28 3
48 31
51 78
68 16
12 98
16 72
24 66
29 88
25 83
33 43
8 80
30 5
95 4
38 34
2 36
25 44
2 93
67 88
6 73
94 83
88 0
1 97
76 49
32 67
68 56
97 98
25 95
97 13
1 65
73 20
22 25
19 70
14 7
73 46
28 56
24 56
84 47
39 23
48 98
40 39
88 22
41 51
94 35
7 85
96 83
49 79
85 69
50 18
7 69
76 47
84 2
12 41
69 18
18 96
15 6
46 71
71 70
7 74
51 15
51 75
30 82
41 7
58 8
42 65
52 85
11 3
35 69
52 55
98 58
49 20
62 57
35 1
8 57
98 92
93 41
83 95
96 71
95 16
28 25
91 69
40 5
32 59
66 73
50 21
44 41
92 58
37 42
45 10
90 42
49 88
41 9
90 53
28 81
25 33
46 79
10 24
71 89
74 5
31 67
82 64
92 94
17 18
72 22
29 98
96 23
82 39
62 61
99 46
40 58
57 51
50 4
43 24
66 63
32 6
58 81
7 61
53 35
18 28
47 15
98 1
44 94
64 28
83 36
65 55
19 9
88 81
75 27
5 4
71 20
24 49
87 61
54 3
56 33
97 60
86 68
73 95
69 44
27 16
74 99
99 23
65 88
35 11
74 84
97 77
78 77
66 98
48 10
65 19
79 16
23 89
4 12
51 64
69 71
86 89
66 30
9 76
44 91
94 13
41 99
2 53
21 85
27 45
92 63
15 4
72 94
10 4
61 44
3 75
97 71
90 24
89 21
33 20
92 65
22 88
33 92
45 78
55 16
71 80
35 62
93 72
13 40
31 63
62 70
59 62
61 62
30 36
65 91
95 9
27 56
46 25
6 1
0 12
10 55
39 86
75 9
69 90
14 92
10 3
36 90
30 48
60 79
7 94
97 79
41 12
12 6
37 57
79 43
32 14
81 51
76 84
7 91
2 10
55 17
66 56
98 57
89 4
20 30
46 32
87 28
99 2
73 40
17 76
56 1
48 54
63 76
51 76
62 1
82 3
62 34
64 4
48 74
5 53
27 73
10 0
84 50
22 4
92 82
40 91
1 3
93 52
70 83
61 72
67 13
2 6
90 35
59 11
36 69
57 47
41 56
49 16
41 18
52 72
49 60
63 35
50 77
61 54
97 3
96 38
46 43
4 45
74 55
44 57
58 33
24 65
83 18
11 73
46 13
76 88
80 5
42 19
66 96
41 49
61 46
43 15
49 94
34 24
38 63
85 30
81 79
33 97
10 18
28 63
91 65
19 41
83 19
45 20
86 80
21 9
32 55
75 48
35 73
46 28
45 13
30 72
88 23
12 88
70 87
32 21
74 42
70 46
34 14
17 99
37 32
82 22
24 31
51 88
96 42
95 64
93 67
55 54
31 34
74 47
70 95
59 74
49 15
60 31
96 21
3 10
77 65
34 45
88 41
4 65
28 90
16 45
27 33
72 85
38 45
76 0
70 48
70 47
32 18
11 46
46 12
90 88
18 53
54 65
94 90
94 49
48 90
0 63
7 23
2 66
27 13
74 14
40 43
18 72
92 5
62 9
12 71
27 3
19 31
65 12
13 99
47 62
12 55
65 26
24 53
99 99
90 40
58 18
3 3
44 52
95 57
5 3
45 17
96 51
75 62
29 17
6 46
34 4
71 30
46 66
68 29
57 40
50 7
81 56
60 4
27 21
62 21
45 68
63 3
24 7
41 60
40 55
38 89
16 13
72 35
1 54
62 26
78 36
63 98
94 69
16 26
38 51
56 96
69 3
51 34
28 37
73 53
42 31
36 38
58 61
48 16
28 11
68 96
5 59
46 7
27 98
22 17
30 49
25 60
40 83
57 79
82 97
51 25
26 25
82 69
76 1
99 48
5 23
35 52
16 36
8 13
71 43
59 7
51 45
71 91
66 90
47 77
11 62
1 30
82 63
50 36
82 94
6 54
1 12
34 63
74 87
53 13
22 50
80 16
39 92
4 10
93 42
30 68
63 93
12 83
76 78
70 76
29 23
26 75
88 45
92 27
40 44
84 74
74 48
32 77
83 94
63 33
41 21
36 8
59 43
35 51
13 85
61 38
36 84
36 20
49 90
65 95
76 74
65 85
44 16
23 62
17 82
19 65
88 36
41 13
53 39
99 67
87 72
2 78
10 54
37 14
81 57
51 94
28 73
12 27
55 77
97 40
30 28
74 95
61 75
95 28
23 45
42 18
80 82
20 95
20 44
28 95
27 44
23 11
93 69
73 6
46 65
30 75
55 61
37 63
16 6
59 29
54 93
86 78
3 12
79 48
93 95
12 95
33 54
70 6
82 12
74 68
23 3
82 20
69 48
82 37
51 56
13 26
82 98
21 59
25 14
70 74
96 29
20 68
51 44
43 61
99 9
36 40
52 70
25 23
38 74
1 72
58 54
31 75
99 86
53 79
24 78
82 52
68 59
43 94
39 47
49 46
5 39
72 16
93 82
10 48
79 0
92 33
56 54
8 97
78 45
59 90
13 3
26 3
36 68
57 22
40 70
35 92
85 53
0 95
32 10
68 41
9 62
15 88
88 19
29 6
30 60
21 51
45 25
65 75
99 35
34 29
58 7
80 63
77 93
79 37
75 35
12 64
75 84
70 31
53 68
34 75
75 76
15 55
42 72
92 17
10 22
48 40
37 0
22 24
60 51
88 20
63 4
79 96
26 36
96 40
61 91
45 51
11 87
44 63
80 23
51 18
27 42
74 88
31 1
23 33
46 72
57 23
71 34
73 69
92 80
40 28
72 89
26 42
46 61
19 1
59 84
75 4
34 74
41 64
13 54
8 3
87 24
13 67
72 14
78 63
92 95
54 54
46 3
74 43
55 94
80 49
7 5
80 75
8 12
49 70
98 37
64 14
23 82
38 19
78 90
75 37
76 14
41 14
89 87
93 38
16 24
57 42
61 79
6 19
46 81
19 61
13 14
54 57
78 96
93 88
48 2
59 50
37 75
78 58
62 45
86 56
67 85
72 73
5 68
72 38
9 75
15 90
4 53
88 92
81 11
78 75
3 65
58 12
2 91
59 72
37 78
39 80
10 9
32 64
25 53
76 90
90 79
10 75
53 18
14 0
41 36
92 16
29 79
69 35
98 46
75 15
61 85
25 19
99 76
72 26
26 64
68 27
75 90
14 54
42 49
97 75
72 49
1 26
93 71
85 62
82 61
31 62
9 1
6 84
20 14
16 3
95 90
83 51
56 21
97 73
7 37
45 8
74 11
69 61
26 81
27 58
93 7
42 23
87 62
98 91
21 70
51 70
36 85
88 16
42 61
75 92
42 83
97 43
23 71
91 86
70 16
73 71
53 83
87 11
42 2
32 76
66 80
26 4
63 2
79 46
48 82
13 64
0 83
25 59
64 52
39 37
10 94
25 67
71 39
64 98
57 95
46 47
46 56
56 38
46 96
99 57
55 52
95 55
71 60
57 36
4 6
24 1
38 37
38 98
77 35
34 43
39 73
75 61
36 53
67 62
66 14
11 28
41 92
5 88
16 47
31 36
81 32
52 61
59 4
58 26
43 96
96 5
84 3
40 64
40 80
19 40
95 47
4 98
85 6
62 66
22 95
1 92
30 30
21 0
9 99
31 59
6 41
86 86
22 91
11 90
4 81
2 96
35 93
32 12
66 26
15 96
43 91
15 57
87 2
36 57
48 36
46 90
93 45
4 70
64 31
21 76
98 65
72 50
65 14
9 27
26 43
41 62
88 2
50 70
66 53
84 1
96 37
77 53
44 9
31 19
84 33
8 83
60 42
13 82
92 48
4 83
72 57
94 88
18 41
24 36
89 47
89 38
49 51
11 96
79 97
89 92
22 23
18 84
69 66
11 0
15 95
60 3
71 31
64 55
22 92
39 75
32 2
79 56
27 22
91 14
34 93
59 77
82 92
67 30
62 31
77 77
45 46
64 87
14 60
90 78
24 51
93 18
70 2
48 78
33 79
85 89
90 68
53 78
44 6
1 63
45 56
87 1
21 53
94 27
46 31
90 4
23 6
24 40
84 93
57 1
61 50
15 50
27 55
80 77
39 68
93 3
9 58
85 41
30 52
0 50
50 84
76 29
38 22
0 41
6 47
43 76
37 69
11 12
79 90
40 47
89 70
18 22
62 77
87 76
47 16
13 1
33 88
54 67
38 72
54 23
67 44
75 44
2 60
6 9
52 59
58 84
38 70
95 18
57 45
1 95
37 19
33 94
5 67
39 45
17 39
64 34
12 50
94 94
53 5
42 94
26 61
52 6
37 30
11 89
82 81
89 65
99 85
52 31
25 51
63 7
33 98
60 78
80 72
89 10
20 45
76 35
79 23
91 53
23 57
50 54
61 34
62 3
3 92
7 21
33 76
86 33
38 95
7 66
5 29
87 51
39 55
16 32
47 6
31 35
32 96
1 21
9 16
60 14
7 19
66 94
73 48
60 34
89 8
24 64
19 43
15 34
8 43
48 37
51 42
57 98
4 34
58 25
64 93
50 1
94 34
96 66
78 66
56 63
26 94
51 66
7 0
70 3
30 73
98 80
82 13
9 3
82 27
17 53
51 6
1 18
69 36
16 39
95 19
37 84
26 98
63 39
21 14
41 85
